4 0.035807291666666664 0.5548486689814814 0.053168402777777776 0.5513752893518519 0.05490451388888889 0.5363246527777777 0.059244791666666664 0.5212737268518518 0.10611979166666667 0.5235894097222222 0.150390625 0.5282201967592592 0.18858506944444445 0.5409554398148148 0.18858506944444445 0.5502175925925926 0.7198350694444444 0.5502175925925926 0.7180989583333334 0.5455865162037037 0.7345920138888888 0.5282201967592592 0.7658420138888888 0.5201160300925926 0.8231336805555556 0.5201160300925926 0.8483072916666666 0.5340089699074074 0.853515625 0.5513752893518519 0.9099392361111112 0.5560063657407407 0.9997829861111112 0.5096961805555555 0.9997829861111112 0.35224189814814816 0.009765625 0.3576388888888889 0.021050347222222224 0.3603460648148148 0.015842013888888888 0.366134837962963 0.017578125 0.3603460648148148 0 0.3603460648148148 0 0.5363246527777777 0.016710069444444444 0.5444288194444444 0.035807291666666664 0.5548486689814814
3 0.15733506944444445 0.8858796296296296 0.1929253472222222 0.5431848958333334 0.14518229166666666 0.5246608796296296 0.1017795138888889 0.5223451967592593 0.0627170138888889 0.5211875 0.053168402777777776 0.5326967592592593 0 0.9067190393518518 0.15733506944444445 0.8858796296296296
3 0.7779947916666666 0.9345052083333334 0.8413628472222222 0.9460827546296295 0.8734809027777778 0.9345052083333334 0.8899739583333334 0.917138888888889 0.8526475694444444 0.5420269097222222 0.8231336805555556 0.5188721064814815 0.7745225694444444 0.5246608796296296 0.7398003472222222 0.531607349537037 0.7215711805555556 0.5605509259259259 0.7424045138888888 0.9217699652777779 0.7779947916666666 0.9345052083333334
1 0.4741753472222222 0.15203703703703705 0.4437934027777778 0 0.3318142361111111 0.001529224537037037 0.3309461805555556 0.02699971064814815 0.33692720377685864 0.022014029374590245 0.4246961805555556 0.34885503472222223 0.4698350694444444 0.34075057870370373 0.4741753472222222 0.15203703703703705
1 0.6825086805555556 0.3361195023148148 0.736328125 0.3395928819444445 0.923828125 0.0003715277777777778 0.728515625 0.0050023148148148145 0.673828125 0.16361458333333334 0.6825086805555556 0.3361195023148148
1 0.2250434027777778 0.35348582175925924 0.22938368055555555 0.34306626157407405 0.21028645833333334 0.30254484953703703 0.22330729166666666 0.1462482638888889 0.236328125 0.1300396412037037 0.18858506944444445 0.001529224537037037 0.001953125 0.0003715277777777778 0.009765625 0.17390046296296297 0.1773003472222222 0.35117042824074074 0.2250434027777778 0.35348582175925924
4 0.3969184027777778 0.6752549189814815 0.5922309027777778 0.6798859953703704 0.611328125 0.6451533564814815 0.4036458333333333 0.6397569444444444 0.3934461805555556 0.657888599537037 0.3969184027777778 0.6752549189814815
3 0.4481336805555556 0.7968188657407408 0.4524739583333333 0.6810436921296296 0.4273003472222222 0.6822013888888889 0.4246961805555556 0.8026076388888889 0.4481336805555556 0.7968188657407408
3 0.5792100694444444 0.7910300925925926 0.5826822916666666 0.6717815393518519 0.5620659722222222 0.6773726851851852 0.5601128472222222 0.7910300925925926 0.5792100694444444 0.7910300925925926
0 0.3743489583333333 0.40897135416666663 0.3743489583333333 0.36487123842592595 0.2571614583333333 0.36487123842592595 0.2571614583333333 0.40897135416666663 0.3743489583333333 0.40897135416666663
0 0.7007378472222222 0.4159186921296296 0.7007378472222222 0.357923900462963 0.5505642361111112 0.357923900462963 0.5505642361111112 0.4159186921296296 0.7007378472222222 0.4159186921296296
0 0.8430989583333334 0.41476128472222223 0.8430989583333334 0.3590870949074074 0.7421875 0.3590870949074074 0.7421875 0.41476128472222223 0.8430989583333334 0.41476128472222223