4 0.16818217866022372 0.24363494938689165 0.016107014277340317 0.27180586593011785 0.03294833114769039 0.5560030881172755 0.1175167978483789 0.8514782469677461 0.1564563394760397 0.8483043816164398 0.21617460653216047 0.8091032587404073 0.2684876984777285 0.8144067327678861 0.34097010853703236 0.819802459386642 0.42841720754104373 0.8009861024709048 0.5518520700957874 0.7855120546414144 0.649868518658553 0.7852647326332473 0.8079819788208717 0.7685588774361111 0.8652168956082207 0.757399915385759 0.9038160660448213 0.7086682966125558 0.9687834289791847 0.654148195323923 0.9958244299498893 0.5221947220872541 0.9960292332717308 0.4525326275838185 0.8888657988008404 0.13625060577227102 0.8689525247090195 0.13246310220226234 0.16818217866022372 0.24363494938689165
3 0.3528046459426385 0.8152528705256514 0.28410207459772197 0.8200036863843729 0.21158762993481664 0.8206158300758175 0.16161707234607223 0.8449162633127251 0.20007586083829107 1 0.5524021161226493 1 0.4990045674690136 0.8058804787591954 0.3528046459426385 0.8152528705256514
0 0.13461612297507164 0.5363843226558026 0.26929361448758027 0.5296150436541601 0.2150287757054753 0.3675343689726396 0.2025472734349202 0.36370372009551605 0.25504131339983555 0.522634324873697 0.13983318424971267 0.5270732145534028 0.13461612297507164 0.5363843226558026
0 0.6970706584418861 0.4361221570439178 0.6589577595564038 0.2998989735476158 0.619561955028099 0.2058568735063344 0.6592100568864685 0.3689777416930176 0.6098911776662588 0.217201484659116 0.597229981677017 0.2158028992079931 0.6206878603174825 0.28218464266960913 0.6130553521144605 0.2802751164701975 0.6538060217896265 0.45325353520631745 0.6118825038868162 0.468950873719441 0.5845826356886684 0.3368486352913393 0.5661459401626664 0.32445063168155286 0.5994010016162613 0.46512022484231746 0.561976015505275 0.4812355663359479 0.5307681701783337 0.36301826667117015 0.5224258122622292 0.36446974762655465 0.5511629848179407 0.4771146212677473 0.5134106458731826 0.4920862193031785 0.48128505664405874 0.3584228060223069 0.4694260618428259 0.3628869427858458 0.5021226850343016 0.48324600968554726 0.4627019563036324 0.49850818970502353 0.41679821276371853 0.32282485265793437 0.4008001554053448 0.3220071453819332 0.4460492750750251 0.49540328130559214 0.401116085042235 0.5128246698661005 0.3693693221538535 0.4019041320652608 0.35652843244592514 0.4029376100401385 0.3844634038136277 0.5097197614666692 0.33858043527505344 0.5177029067212839 0.32846657696447706 0.4762461340311119 0.3166717331677571 0.46869481596721807 0.3275877926663424 0.5160143108720522 0.3095618762873747 0.5203510266391291 0.29980732361686163 0.4740298413039877 0.2891419520446125 0.47348470311998697 0.3002376234645747 0.5183718488058524 0.2697710551894667 0.5295910461080111 0.3383687887500751 0.5261431262504529 0.39375562203282616 0.5177068096101463 0.4524793984820189 0.5086899005876858 0.4615988479829772 0.5803311729243982 0.4787905285703346 0.5761396052528597 0.46183568590842045 0.5046612081107622 0.503579510092544 0.49139593302363943 0.522138755130476 0.5745997745950606 0.5316426198746528 0.5741466032093686 0.5168952481547096 0.4950814338052244 0.5570861434697861 0.4916898463106105 0.5718461108899616 0.5371401430725212 0.5776857614312347 0.5361241064037521 0.5636124524848943 0.48695314045507126 0.6527280230721263 0.4678464873482572 0.6701898304891891 0.538036278729585 0.6806755901400614 0.5410137661325545 0.6644393587582741 0.4598065437005186 0.7799232036405784 0.43491169387124307 0.7773369881551749 0.4197558764462261 0.6970706584418861 0.4361221570439178
2 0.38089654772218934 0.6471924794296936 0.37608334059413584 0.6120161461417221 0.3929168435618993 0.5423152721212335 0.37005253950007033 0.6334784698697226 0.37467815263748366 0.6254659264113989 0.38089654772218934 0.6471924794296936
2 0.37005253950007033 0.6334784698697226 0.3600406529319283 0.6508211818181548 0.3594114513641318 0.6759059856765632 0.37005253950007033 0.6334784698697226
2 0.3514740527906131 0.6943277549449418 0.35242391309370713 0.7037662840438034 0.35928056265438424 0.676427857380923 0.3514740527906131 0.6943277549449418
2 0.26931817136735703 0.3460840021422396 0.28110234077892526 0.35621284937125536 0.26602585850474925 0.3070418515719596 0.26931817136735703 0.3460840021422396
2 0.2886818103395289 0.38093281217866953 0.287902526008444 0.3620578126362258 0.28110234077892526 0.35621284937125536 0.2886818103395289 0.38093281217866953
2 0.30009571684658526 0.4199592943051527 0.30551191074328204 0.43582312510878535 0.2886818103395289 0.38093281217866953 0.28908355353719534 0.39066341033091956 0.30009571684658526 0.4199592943051527
2 0.437191773102665 0.2808620130778088 0.44292065750145315 0.23509044384850336 0.4354978286316023 0.28740222620234146 0.437191773102665 0.2808620130778088
2 0.4302936445445707 0.32407829001351895 0.4354978286316023 0.28740222620234146 0.4297030898815401 0.309775348269688 0.4302936445445707 0.32407829001351895
2 0.2503161954615741 0.2858124820564389 0.2945111717162486 0.25051234486789986 0.24587677964349147 0.28537206331144727 0.2503161954615741 0.2858124820564389
2 0.21379345628721397 0.2829146099126578 0.24364230912869062 0.28697366682074654 0.24587677964349147 0.28537206331144727 0.21516266770245204 0.28232502487465383 0.21379345628721397 0.2829146099126578
2 0.09138793841101396 0.33027048768114653 0.1352431297263039 0.32744205126257786 0.173059537878265 0.300454712606746 0.13175860924208685 0.32444712255350006 0.08957188951001775 0.32698526278099177 0.05423874982951884 0.3259301548181752 0.09138793841101396 0.33027048768114653