4 0.5072944970362214 0.934951927717569 0.5181121657806791 0.8926640848159999 0.5363082445425755 0.8586169019573596 0.545700886722055 0.8611988925666457 0.6191605797191332 0.3382538020360968 0.6142241942731941 0.3386717776155406 0.5988938216418452 0.3175953823208048 0.5949966382176725 0.2845747251206176 0.6029187619722594 0.22817868594575444 0.6204883649780009 0.20727151337842578 0.6388195420618445 0.20698577262207707 0.6513179547280713 0.1527352141939003 0.617946656556744 0.05481344127223782 0.6047651935298498 0.0511899226603558 0.5525521176328383 0.03683680784218922 0.45403928136011623 0.03026928542400775 0.3266619021176623 0.9762637992669613 0.32849770608435563 0.9767684526447775 0.3299881525248128 0.9731845013486521 0.33385075372717493 0.9782399788118252 0.41300832002635385 1 0.5284715455336392 1 0.5281498738538281 0.9948213501860741 0.5131272614538384 0.9889167453893971 0.4984644521597764 0.9804486036045903 0.5072944970362214 0.934951927717569
3 0.49885713921739633 0.9770066245605166 0.5092081921727305 0.9896143761216805 0.5338746101300598 1 0.8817146455691474 1 0.8817707240936747 0.9855321598679304 0.5391692710373511 0.8549659754545639 0.5137825103112752 0.8967987742103775 0.5054325941472294 0.9388775083292252 0.49885713921739633 0.9770066245605166
3 0.6292194260494861 0.2052342301789341 0.6016573134021382 0.22783192000919336 0.600805839433631 0.2772968287289265 0.6030488872300624 0.31341269903662644 0.629879558087003 0.339425432484057 0.9990683870787725 0.41961404438317584 1 0.4179695794991115 1 0.27046090148994173 0.6292194260494861 0.2052342301789341
1 0.37217323241126044 0.5259529358708913 0.1814011698214926 0.4690732364509688 0.033885407613168037 0.45745300277776846 0.04208056221293991 0.5680875898746887 0.37415019441420805 0.5726454408057724 0.37217323241126044 0.5259529358708913
1 0.22074922679461012 0.27576903271159897 0.39688479495597195 0.31531300726562 0.4078491041725573 0.26330317650291263 0.11667724957844762 0.007778483305229841 0.09510798340249639 0.006340532226833093 0.07073944785685428 0.1798153387104317 0.22074922679461012 0.27576903271159897
1 0.12620504791716247 0.6970700803703005 0.05208281766681919 0.7031180385020589 0.06702903826648177 0.9048920165975036 0.14829289401176257 0.927231046276192 0.34228903748644873 0.8168192491094577 0.3512388211126218 0.7704680071183932 0.3412726263366711 0.763290941300229 0.297539622382904 0.7707935532680565 0.14084154234556842 0.714405805236202 0.12620504791716247 0.6970700803703005
4 0.6832164055911036 0.6895555456018596 0.7013075183187477 0.6909787757295975 0.7330110794809428 0.50001054657448 0.7004298193686486 0.4715295230577024 0.6662396816252723 0.6744608187728235 0.6832164055911036 0.6895555456018596
3 0.8316660115049787 0.6744522572584188 0.7148599057222166 0.6379054314041249 0.7125529794726644 0.6630082378840437 0.8342954707013658 0.6991370881588941 0.8316660115049787 0.6744522572584188
3 0.8439205423929672 0.5438112315445646 0.7234720902577074 0.5071506244883318 0.7262912424550186 0.5290032855563945 0.8412798344747716 0.5626099112695191 0.8439205423929672 0.5438112315445646
0 0.42815159345439724 0.6389640948187488 0.3834301753171138 0.6266703994497617 0.36722583127364067 0.7420259341256181 0.41194724941092414 0.7543196294946052 0.42815159345439724 0.6389640948187488
0 0.4803289076254614 0.3196142632224014 0.42151705907710024 0.30344717862948684 0.40075149226583456 0.45127316010299173 0.4595633408141957 0.4674402446959063 0.4803289076254614 0.3196142632224014
0 0.49884047134685844 0.17915600272862578 0.44238191833987267 0.16363582737302695 0.4284281776357708 0.2629697600105698 0.48488673064275656 0.2784899353661687 0.49884047134685844 0.17915600272862578