4 0.015842013888888888 0.5039074074074074 0.035807291666666664 0.5710570023148148 0.10004340277777778 0.6937789351851852 0.1799045138888889 0.7354580439814815 0.2319878472222222 0.7759791666666667 0.2918836805555556 0.7771371527777778 0.4533420138888889 0.7667173032407407 0.5505642361111112 0.7505086805555555 0.6773003472222222 0.7447199074074073 0.7693142361111112 0.748193287037037 0.8396267361111112 0.7308269675925926 0.8899739583333334 0.7169340277777778 0.9602864583333334 0.7447199074074073 0.9997829861111112 0.7412468171296296 0.9997829861111112 0.16584374999999998 0.7771267361111112 0.16352835648148148 0.05099826388888889 0.17390046296296297 0.03233506944444445 0.18089467592592592 0.015842013888888888 0.5039074074074074
3 0.9637586805555556 0.9958660300925927 0.9542100694444444 0.7423182870370371 0.8977864583333334 0.7272673611111111 0.8257378472222222 0.7388449074074074 0.7562934027777778 0.7457913773148148 0.6087239583333334 0.7612847222222222 0.611328125 0.9997106481481481 0.9637586805555556 0.9958660300925927
0 0.7771267361111112 0.28509230324074075 0.7658420138888888 0.2908810763888889 0.7580360231082092 0.4563015854622755 0.8934461805555556 0.44023119212962963 0.8856336805555556 0.43212673611111113 0.7701822916666666 0.447177662037037 0.7771267361111112 0.28509230324074075
0 0.3465711805555556 0.4552818287037037 0.353515625 0.5363246527777777 0.3630642361111111 0.5316935763888888 0.3604600694444444 0.46107060185185184 0.4542100694444444 0.46454398148148146 0.4542100694444444 0.5143272569444445 0.4602864583333333 0.5143272569444445 0.4620225694444444 0.4680170717592593 0.5028211805555556 0.46454398148148146 0.5106336805555556 0.5432711226851852 0.5201822916666666 0.5421134259259259 0.5149739583333334 0.45875520833333333 0.5601128472222222 0.46454398148148146 0.5635850694444444 0.5363246527777777 0.5818142361111112 0.537482349537037 0.5705295138888888 0.46685937499999997 0.6312934027777778 0.4657016782407407 0.6885850694444444 0.46454398148148146 0.7575559850566526 0.4563585560799055 0.7241753472222222 0.45065075231481483 0.7224392361111112 0.40549855324074074 0.7120225694444444 0.40781394675925925 0.7154947916666666 0.45412413194444445 0.6963975694444444 0.4529664351851852 0.6937934027777778 0.40549855324074074 0.6842447916666666 0.4147604166666667 0.6859809027777778 0.45643952546296296 0.6382378472222222 0.45643952546296296 0.6356336805555556 0.34876851851851853 0.6226128472222222 0.34992650462962965 0.6226128472222222 0.4622282986111111 0.5731336805555556 0.4529664351851852 0.5687934027777778 0.27814583333333337 0.5531684027777778 0.2816189236111111 0.5575086805555556 0.45875520833333333 0.5141059027777778 0.45065075231481483 0.5123697916666666 0.3290868055555556 0.4993489583333333 0.326771412037037 0.5054253472222222 0.46107060185185184 0.4637586805555556 0.4529664351851852 0.4602864583333333 0.3395066550925926 0.4516059027777778 0.3395066550925926 0.4542100694444444 0.45875520833333333 0.4125434027777778 0.4494930555555556 0.4055989583333333 0.3082473958333334 0.3908420138888889 0.3232980324074074 0.4012586805555556 0.4552818287037037 0.3552517361111111 0.447177662037037 0.3465711805555556 0.27351475694444444 0.3395476911303175 0.2766370881878197 0.3439670138888889 0.20868055555555556 0.3318142361111111 0.21215393518518516 0.3259873506872303 0.36680666082700564 0.3190104166666667 0.20283564814814814 0.306640625 0.3001429398148148 0.3075086805555556 0.43791550925925926 0.22330729166666666 0.43560011574074076 0.2250434027777778 0.45065075231481483 0.3465711805555556 0.4552818287037037
2 0.6391059027777778 0.48929398148148145 0.6755642361111112 0.5536906828703704 0.6807725694444444 0.5884233217592593 0.6807725694444444 0.5664262152777778 0.6876304503369347 0.5733775462272298 0.6391059027777778 0.48929398148148145
2 0.6876304503369347 0.5733775462272298 0.7102138618388646 0.6125101881315653 0.7024739583333334 0.5884233217592593 0.6876304503369347 0.5733775462272298
2 0.7233072916666666 0.6289447337962962 0.7104916448583661 0.6129915318571725 0.7250434027777778 0.6382068865740741 0.7233072916666666 0.6289447337962962
2 0.7059461805555556 0.2793035300925926 0.6981336805555556 0.24109780092592595 0.6971393630595492 0.29104943945252676 0.7059461805555556 0.2793035300925926
2 0.6966394852327787 0.3161618573779701 0.6971393630595492 0.29104943945252676 0.6920572916666666 0.29782754629629626 0.6966394852327787 0.3161618573779701
2 0.6955295138888888 0.3719236111111111 0.6963975694444444 0.3557152777777778 0.6990017361111112 0.32561371527777777 0.6966394852327787 0.3161618573779701 0.6955295138888888 0.3719236111111111
2 0.5210503472222222 0.2445708912037037 0.5245847312492687 0.25059420155290774 0.5023871527777778 0.2013888888888889 0.5210503472222222 0.2445708912037037
2 0.5401475694444444 0.28509230324074075 0.5366753472222222 0.27119907407407406 0.5245847312492687 0.25059420155290774 0.5401475694444444 0.28509230324074075
2 0.7076822916666666 0.21798755787037039 0.7119576157262557 0.2168178730571443 0.6538628472222222 0.19135908564814816 0.7076822916666666 0.21798755787037039
2 0.7146267361111112 0.21798755787037039 0.7430608529652121 0.20906426296350983 0.7415364583333334 0.2087254050925926 0.7119576157262557 0.2168178730571443 0.7146267361111112 0.21798755787037039
2 0.8361545138888888 0.23535387731481483 0.7884114583333334 0.21914525462962964 0.8335503472222222 0.2388269675925926 0.8778211805555556 0.23419589120370368 0.9134114583333334 0.22377633101851852 0.8786892361111112 0.23072280092592592 0.8361545138888888 0.23535387731481483