4 0.32298330675649783 0.5842736717497101 0.5935155833242308 0.6429399835414282 0.752821245758345 0.631443466987218 0.8079630602601179 0.24834597064877192 0.6466804759404661 0.1642351465016901 0.3222924461118929 0.13618390464414412 0.32298330675649783 0.5842736717497101
3 0.7875498750224276 0.5429565382373777 1 0.5889220373311171 1 0.3755611426516026 0.8267319702598558 0.35251070956190916 0.7875498750224276 0.5429565382373777
0 0.35716604312245487 0.17810422955962318 0.5537331284879387 0.17870635477052538 0.5463318306211156 0.1683345333701591 0.3528178386417046 0.16840544690450757 0.35716604312245487 0.17810422955962318
0 0.4986956971438026 0.2627163124811387 0.5746610800303099 0.2784913525587665 0.6334580959300136 0.2720300895747767 0.49223712520045426 0.25449458645989415 0.4986956971438026 0.2627163124811387
0 0.4464556327376747 0.4298896778736137 0.5377234224581209 0.45583602192025524 0.5494341027462769 0.44870619972877396 0.4536774094292259 0.4212847308818405 0.4464556327376747 0.4298896778736137
0 0.45856333494920376 0.38982868011750116 0.5221962613372859 0.4087119224276729 0.5317005400652868 0.3991534340577634 0.4541756603398714 0.38012119647540055 0.45856333494920376 0.38982868011750116
5 0.41512280651457506 0.1918516383215281 0.38793085800539273 0.1975109707958991 0.3540816687106612 0.2114141302273935 0.34457738998266024 0.2209726185973029 0.3301032849959161 0.2595408168767389 0.33560686459437244 0.3345605519053099 0.3451834374279057 0.42407409142070485 0.3404386812170872 0.4900366664616958 0.3307813107856653 0.5617142479775493 0.3452629568061057 0.5843294153580975 0.35631319325685146 0.5887076594842949 0.3875781350011111 0.5975421314967477 0.4492033286712389 0.5975311546501236 0.5014845605894546 0.6061428690795533 0.5600637317139012 0.6239120370161871 0.5832669317539275 0.6338827539459524 0.5851907354669894 0.622653188819684 0.5833244595530961 0.6105881201191844 0.5793089941171876 0.5727996818055926 0.5865232580411697 0.5306888125820864 0.6090399287990907 0.49874924732759396 0.5880424987971621 0.4912070573604652 0.5772556842604534 0.5082519224812203 0.5537126743351939 0.5079176776814225 0.5268793958832723 0.4961755904756743 0.49025924085625633 0.4803337603351391 0.44271113024949926 0.4747077144669585 0.36993259519067706 0.44798154084657704 0.377513070205616 0.4496526176029358 0.3966247325995663 0.45289454720392497 0.41353030919439027 0.45370788023438174 0.44026079846939215 0.4430911307072177 0.43588634721519415 0.42270404246584914 0.4303708169563493 0.4166324814316224 0.40419798234183774 0.3933823279081955 0.4066027369831652 0.37934537150036013 0.3868689826179171 0.37208175233253765 0.37671589495186597 0.3242000634178858 0.3861554206080307 0.27675291282265607 0.4148288895291505 0.24714172022696765 0.4565216599918294 0.2563326771908888 0.4878249536022014 0.24963739331882953 0.48692026378381037 0.23195747244729978 0.4943787736887732 0.21903459041300213 0.5544771855692123 0.19732200312801498 0.5303120836726553 0.19296606876138392 0.47388147054816643 0.20092013122205032 0.4033152386090213 0.18924872066304188 0.41512280651457506 0.1918516383215281
1 0.3172277512453402 0.13628134137545314 0.32863665775334683 0.12325816582153139 0.3310238014553799 0 0.10215224502901456 0 0.05750880132517238 0.2605912729710287 0.31610749435062435 0.295309380111131 0.3172277512453402 0.13628134137545314
1 0.3031802007946969 0.3866516875144026 0.043089391680589124 0.3447597869346879 0.02625375975402531 0.44303219584917714 0.05319810123460232 0.8977179583339142 0.3114628285266296 0.9546510900854887 0.31605099016026916 0.30333053187990705 0.31439075422153123 0.3900941345467444 0.31407012026935427 0.39196572873445573 0.3031802007946969 0.3866516875144026
5 0.10219781242395637 0.18987746384812312 0.07072012891869986 0.18347453667995467 0.06770107764865319 0.20109724560100856 0.0688295740574903 0.20097323199805042 0.10673226489321402 0.2093286853877401 0.12758823809108163 0.2100417248985726 0.10219781242395637 0.18987746384812312
0 0.060620047833774955 0.24243040497030055 0.058624914078010744 0.25407633552644443 0.15825748906976708 0.2682729254540244 0.1574939402944084 0.257422085430895 0.060620047833774955 0.24243040497030055
0 0.16631856047104612 0.27526981475523765 0.2380415188214028 0.2813693908228692 0.23951297762526913 0.26129986526083604 0.17297280273384494 0.24651003342815564 0.16631856047104612 0.27526981475523765
0 0.2451177731093564 0.42374434606527533 0.28600895869159293 0.43761428849847495 0.28994615469177476 0.4108047859239346 0.24208694208282597 0.4025609215817362 0.2451177731093564 0.42374434606527533
6 0.24462510643621085 0.8692667575567512 0.28801692632505577 0.8302753538708354 0.30051376188721235 0.8032488090484685 0.298999580265038 0.7763704109438221 0.24664606254251348 0.7758354984460717 0.24934346144130567 0.749885764405928 0.2460506792367448 0.718083466779983 0.20724991442741578 0.6894597682935176 0.21420199738729984 0.6896975493161848 0.2298159086507313 0.6801911281027385 0.2453487604274417 0.6609552134848449 0.2359893690690876 0.6543601675992916 0.18945032594662983 0.6453956446703181 0.1421068685048023 0.6207155823827321 0.08231776313698537 0.6023560588731603 0.03496698061477946 0.5900677978744034 0.04491782157577001 0.757988239091119 0.06233659411400313 0.7598077516635837 0.12419977376059871 0.7915729218900363 0.24462510643621085 0.8692667575567512