4 0.21313568623940357 0.20864576776407945 0.205823978597798 0.2692159221922816 0.19975790279710448 0.4324630494600232 0.20611461611077178 0.5307411629052832 0.19894475487060284 0.6588864896210725 0.18600502268702304 0.7519399135126433 0.196288967041821 0.8230039865138173 0.20512159692092222 0.873886256454576 0.1699120093452546 0.9450468306005104 0.1693956849251117 0.9823460766081811 0.4246058008692249 0.9818047234245966 0.7506799178975443 0.9697279042753996 0.7742882725216524 0.7585904755878573 0.8383343570948925 0.024339253008297958 0.8332020069189882 0.005481663503790008 0.7221943600531553 0 0.4734222897480395 0 0.4397339768755541 0.009826704370402195 0.30949405936782426 0.07504563257147552 0.2593065827626238 0.15589161692752407 0.21313568623940357 0.20864576776407945
3 0.18929025920179784 0.5895762885250844 0 0.5920500563020294 0 0.9457747879339138 0.17295518753180292 0.938897150559317 0.1939086301395308 0.8818084733942979 0.18963533478306568 0.8089764434740765 0.18976095242570146 0.738767893197098 0.18929025920179784 0.5895762885250844
0 0.4925272071412939 0.8688885922626077 0.4892071498526427 0.7521743629431831 0.6518053501635855 0.7588502870757678 0.6471305636894255 0.747451357139933 0.4812603903709591 0.7399113508039292 0.483559967110094 0.8768060455536744 0.4925272071412939 0.8688885922626077
0 0.5041264784538984 0.43269502461323334 0.45396686101949735 0.4328014234857272 0.45334345850821695 0.43894597068467217 0.4998256154658719 0.44060257955815163 0.4991392583636546 0.48185140220479317 0.41901545343920127 0.48991979321553186 0.41920226941264915 0.4995730359651158 0.5037249873362034 0.49412812459762 0.4932614632572957 0.5397857043662745 0.42058192832718405 0.5434502868096597 0.4175452723021682 0.5618864026838243 0.4898598762556091 0.5503241624048395 0.48479229963397863 0.6117671601169596 0.48008095301879405 0.6696989880011114 0.48125223821784097 0.7394260499684902 0.4904278519645288 0.7056587855545886 0.5360994988982175 0.703806699495844 0.5348352919352068 0.6932781385665977 0.48781878996788286 0.6968882844350711 0.49094450349451013 0.6775743761039144 0.539038396451397 0.6748395484151033 0.5306861495004906 0.6652036262252419 0.48851384804032505 0.6670482894519977 0.4934120106289574 0.6187697043174298 0.6021641405192905 0.6159062080233284 0.6023332630130506 0.6027417960641906 0.4891825116628546 0.6029818120966345 0.5035906687233429 0.5529278472110303 0.6801781330366291 0.5481652511152613 0.6782818225921131 0.5323724097213919 0.49936116975724004 0.5371399549902348 0.5119797673545113 0.49323301096249067 0.634640804715801 0.49121761456059576 0.6383095642223224 0.4780457791510543 0.5023717228715812 0.4844773561253658 0.5148119139263915 0.44232599763002056 0.6294856353134458 0.4385723368738639 0.6303762103295608 0.42979441230394244 0.5099590124490082 0.4326826526081702 0.5235659435342308 0.39052881921708055 0.6665918248728675 0.38320460350338414 0.6529413889365207 0.36831429857663295 0.5188911570600706 0.37912988928124586 0.5317766356229385 0.33258956850093996 0.7076429389531079 0.32344048439753986 0.7052175736870234 0.3163448862956311 0.7732344338953241 0.32066854069353956 0.770981601905124 0.30838686974605334 0.6157575674099184 0.3028251548629298 0.7816839296739332 0.295419515577495 0.6849101025732749 0.28311894222814293 0.5460069692194417 0.28429118791090524 0.5569784438581057 0.19914037102800836 0.54163591539114 0.20092812278410785 0.524501779661595 0.323828964490741 0.4421338437171666 0.3310245122175617 0.4458202967033755 0.3406703315167418 0.5172443256407013 0.33788601580767835 0.5041264784538984 0.43269502461323334
2 0.3705225877761083 0.6689662646062287 0.4602201303504421 0.6197177146747964 0.3915962001732097 0.6567226291584205 0.35606665119288217 0.662063615930752 0.37823004714290887 0.662016602806244 0.3705225877761083 0.6689662646062287
2 0.32877719051715354 0.6918866281112973 0.3538402136525947 0.6840084273555553 0.3705225877761083 0.6689662646062287 0.32877719051715354 0.6918866281112973
2 0.3282637090841163 0.6921685557457455 0.30136480963705664 0.7069374307282597 0.3108750956481504 0.7051620503588085 0.3282637090841163 0.6921685557457455
2 0.7042366662495233 0.6788771466220523 0.6540094242426461 0.6779784346607166 0.6649405992908383 0.6868589335973492 0.7042366662495233 0.6788771466220523
2 0.6540094242426461 0.6779784346607166 0.6477014688401186 0.6728538445779939 0.6287584509067585 0.6775266210459213 0.6540094242426461 0.6779784346607166
2 0.5726890369276583 0.6765233755760385 0.5889308413809636 0.6773665269135859 0.6189927873428522 0.6799355699819168 0.6287584509067585 0.6775266210459213 0.5726890369276583 0.6765233755760385
2 0.7124735994499525 0.5034018103914921 0.764328228648425 0.48085008004344104 0.7189050511047458 0.49981490822764457 0.7124735994499525 0.5034018103914921
2 0.6904725346217767 0.5156720833057447 0.7124735994499525 0.5034018103914921 0.6761180481035245 0.5192129463169134 0.6904725346217767 0.5156720833057447
2 0.7272818846698755 0.692804251571034 0.7588933192234613 0.6340034276788273 0.7265419811303482 0.6884834714829964 0.7272818846698755 0.692804251571034
2 0.7258295211174561 0.6955058111389334 0.7319030959607514 0.7242397997012229 0.7324009095753707 0.722697581850223 0.7272818846698755 0.692804251571034 0.7258295211174561 0.6955058111389334
2 0.6996028192533136 0.8965326557951967 0.6961661368314893 0.861435803797904 0.6958638689065174 0.8184338711330225 0.7170931849893046 0.7701206442605951 0.6926316959378289 0.8158079165940351 0.6927558488595777 0.8605654341729007 0.6996028192533136 0.8965326557951967