4 0.2302517361111111 0.752824363425926 0.5835503472222222 0.7620862268518519 0.6252170138888888 0.6231559606481482 0.6260850694444444 0.3753969907407408 0.22569444444444445 0.3070023148148148 0.18684895833333334 0.597685474537037 0.2302517361111111 0.752824363425926
3 0.4967447916666667 0.9970237268518518 0.4976128472222222 0.7793663194444443 0.3196614583333333 0.7851550925925926 0.3014322916666667 0.9958660300925927 0.4967447916666667 0.9970237268518518
0 0.21809895833333334 0.517800636574074 0.2562934027777778 0.34413773148148147 0.2484809027777778 0.33883101851851855 0.21028645833333334 0.5096961805555555 0.21809895833333334 0.517800636574074
0 0.3031684027777778 0.5513752893518519 0.3040364583333333 0.4819103009259259 0.2979600694444444 0.47496354166666666 0.2858072916666667 0.602316550925926 0.3031684027777778 0.5513752893518519
0 0.4689670138888889 0.5455865162037037 0.4637586805555556 0.46107060185185184 0.4546440972222222 0.4661458333333333 0.4602864583333333 0.5548486689814814 0.4689670138888889 0.5455865162037037
0 0.4299045138888889 0.5247471064814815 0.4255642361111111 0.4657016782407407 0.4177517361111111 0.4603587962962963 0.4194878472222222 0.5316935763888888 0.4299045138888889 0.5247471064814815
5 0.23546006944444445 0.49927662037037035 0.2345920138888889 0.5212737268518518 0.2658420138888889 0.4714904513888889 0.2788628472222222 0.46685937499999997 0.2944878472222222 0.47033275462962965 0.306640625 0.4437042824074074 0.306640625 0.40549855324074074 0.3387586805555556 0.3846588541666667 0.3830295138888889 0.3835011574074074 0.423828125 0.39970978009259256 0.4264322916666667 0.41823379629629626 0.439453125 0.41823379629629626 0.455078125 0.44486197916666664 0.4594184027777778 0.45065075231481483 0.4767795138888889 0.4575975115740741 0.4915364583333333 0.43560011574074076 0.494140625 0.42054918981481476 0.4950086805555556 0.40318287037037037 0.4950086805555556 0.396236400462963 0.5045572916666666 0.46454398148148146 0.5002170138888888 0.507380787037037 0.5071614583333334 0.5421134259259259 0.5123697916666666 0.5675839120370371 0.5080295138888888 0.5884233217592593 0.4906684027777778 0.5953697916666667 0.4932725694444444 0.6150517939814816 0.5262586805555556 0.6000008680555555 0.5653211805555556 0.6000008680555555 0.5983072916666666 0.6092630208333333 0.6087239583333334 0.6127361111111111 0.619140625 0.6127361111111111 0.6148003472222222 0.5907390046296297 0.6104600694444444 0.5363246527777777 0.6130642361111112 0.48885677083333334 0.6252170138888888 0.4344424189814815 0.6234809027777778 0.40549855324074074 0.6217447916666666 0.39507870370370374 0.6043836805555556 0.37887008101851855 0.5384114583333334 0.37655468750000004 0.478515625 0.37076591435185186 0.400390625 0.34876851851851853 0.3344184027777778 0.33256018518518515 0.2970920138888889 0.3395066550925926 0.2866753472222222 0.34645312500000003 0.267578125 0.37423929398148154 0.2571614583333333 0.39739409722222224 0.2571614583333333 0.38657407407407407 0.2536892361111111 0.45065075231481483 0.23546006944444445 0.49927662037037035
1 0.3969184027777778 0 0.00021701388888888888 0.0050023148148148145 0 0.2874939236111111 0.011501736111111112 0.2805477430555556 0.212890625 0.3106490162037037 0.2267795138888889 0.30254484953703703 0.3691480774692711 0.32561256045245773 0.3969184027777778 0
1 0.4559461805555556 0.3384351851851852 0.4542100694444444 0.3384351851851852 0.37632894862042066 0.32677606351570304 0.9984809027777778 0.4275821759259259 0.9993489583333334 0.002686921296296296 0.4724392361111111 0.001529224537037037 0.4533420138888889 0.32801533564814817 0.4559461805555556 0.3384351851851852
5 0.3170572916666667 0.12077777777777778 0.330078125 0.1462482638888889 0.3335503472222222 0.1277242476851852 0.3335503472222222 0.0929916087962963 0.3465711805555556 0.05478587962962963 0.3517795138888889 0.02584201388888889 0.3517795138888889 0.014264467592592592 0.3352864583333333 0.002686921296296296 0.3257378472222222 0.011948784722222223 0.3213975694444444 0.01889554398148148 0.3179253472222222 0.022368634259259258 0.3179253472222222 0.06867881944444444 0.3170572916666667 0.12077777777777778
0 0.3760850694444444 0.18213859953703704 0.3891059027777778 0.013106770833333333 0.3776041666666667 0.008969907407407407 0.3665364583333333 0.17982291666666667 0.3760850694444444 0.18213859953703704
0 0.3720703125 0.2545703125 0.3807508680555556 0.19031510416666667 0.3537326388888889 0.1918402777777778 0.3538411458333333 0.25283362268518517 0.3720703125 0.2545703125
0 0.5022786458333334 0.32056221064814816 0.4979383680555556 0.28235648148148146 0.4796006944444444 0.2764756944444444 0.4775390625 0.31998321759259263 0.5022786458333334 0.32056221064814816
6 0.7058739149305556 0.3091822916666667 0.7099246961805555 0.3184444444444445 0.7301794704861111 0.30763859953703704 0.7417534722222222 0.29528935185185184 0.7429108072916667 0.28911458333333334 0.7608506944444444 0.3277063078703704 0.7886284722222222 0.33542476851851855 0.8123552517361111 0.33696846064814817 0.8025173611111112 0.38327835648148145 0.8262443576388889 0.3886814236111111 0.8528645833333334 0.38173495370370375 0.8962673611111112 0.3493177083333333 0.8505496961805555 0.2312271412037037 0.8343461371527778 0.1717957175925926 0.8401330295138889 0.12162644675925927 0.8360822482638889 0.07917563657407406 0.8389756944444444 0.03440914351851852 0.8297163628472222 0.02437528935185185 0.8140913628472222 0.017428819444444445 0.7903645833333334 0.016656828703703705 0.7544850260416667 0.012797743055555555 0.7330729166666666 0.05524855324074074 0.7157118055555556 0.08149103009259259 0.7006655815972223 0.0884375 0.6868764212232004 0.09184316725756163 0.6896701388888888 0.16562094907407407 0.6942996961805555 0.2211929976851852 0.70703125 0.26673148148148146 0.7058739149305556 0.3091822916666667