4 0.49446860191069403 0.12689849834269784 0.4946893745853746 0.1740963427228012 0.48559263322682494 0.21472737382749518 0.47575063761039127 0.21463339877286056 0.5374481938098017 0.7815713464322724 0.5421675656173668 0.779765595568546 0.5625365238046608 0.7975428113090499 0.5747773073810604 0.8309743283187919 0.5814309654025654 0.8921146952232383 0.569591856453644 0.9188384422472249 0.5517432232744959 0.9242204563947688 0.5533750704874583 0.9843874665763758 0.5630397840666794 1 0.7709235331749162 1 0.6600268798378742 0.029334527992794412 0.6591564770905691 0.02929584342624752 0.6580518714878762 0.03777060623491356 0.6512958230922201 0.03215365738658613 0.6576486194865728 0.03406512945282593 0.6571197463692905 0.029205322060857356 0.4912724675358906 0.02183433189048403 0.48257281361100524 0.021751264341507648 0.46557948774415747 0.021589005711347878 0.4619408339395772 0.03127103173471727 0.45308655174482765 0.051545432833686164 0.45879363697407693 0.07010805812356326 0.47498812151858344 0.07211350230863456 0.4914853525303473 0.07689805701607469 0.49446860191069403 0.12689849834269784
3 0.49198022948303144 0.0806044086674619 0.47864150773407815 0.07029757301584161 0.13268822230600566 0.01841043542173066 0.0769804772408186 0.017878517039514426 0.11544572664794026 0.17787843531361597 0.4837276705425865 0.2193365994428442 0.49786663929125297 0.16857424086260514 0.4952866419122096 0.12227927631806947 0.49198022948303144 0.0806044086674619
3 0.5615760308419845 0.9233889371231812 0.5827527629394305 0.8921273162404165 0.5709560645274826 0.8401919076159935 0.5595422015352641 0.8030666599720422 0.526669584026196 0.7833192414259058 0.1452564939198617 0.8018871248963327 0.1358573135603346 0.8397390484144609 0.13091432179671844 0.9072465323371689 0.14694674359617632 0.9416396599218716 0.1673157017834703 0.9594168756623757 0.5615760308419845 0.9233889371231812
1 0.7309944240570232 0.5169022987717887 0.9320261519472592 0.5234488578634993 1 0.5101659375309646 1 0.3928394385412182 0.7171403250091305 0.4686488716978931 0.7309944240570232 0.5169022987717887
1 0.7606146069450694 0.7439097392019751 0.7631741877425385 0.8013093879448953 1 0.9274180485789268 1 0.755972092058771 0.942910801234799 0.7363963054831478 0.7606146069450694 0.7439097392019751
1 0.9277778988473006 0.26984688684339947 1 0.2424784089317598 1 0.20132464770931816 0.9828443874035371 0.04368197277349054 0.845361269602997 0.037571611982355424 0.6859482747452994 0.20461015867839014 0.6890326445922518 0.25553697213633836 0.700608570329519 0.2602745363806581 0.7414488770782581 0.24030554980554722 0.9090423652467942 0.25578689403286176 0.9277778988473006 0.26984688684339947
4 0.38513092084421635 0.43216408431887077 0.3670806616644165 0.43569336007537085 0.38484258892951223 0.6440794415404844 0.423967497298887 0.6648119658931418 0.40558223308922203 0.44323288859082594 0.38513092084421635 0.43216408431887077
3 0.24385435788219822 0.48911573836785327 0.36738152329156876 0.4949222549135775 0.36322777369663534 0.4680458020955634 0.23498123647969976 0.46404503641356565 0.24385435788219822 0.48911573836785327
3 0.26522829132510023 0.6290562205668583 0.3923454689568775 0.6339716092964993 0.38400998927454205 0.61191361238112 0.26301040531793185 0.6086760982653763 0.26522829132510023 0.6290562205668583
0 0.6474133617661935 0.4143095100508117 0.694274297470681 0.4147569557889205 0.6806645424266934 0.289697114393462 0.6338036067222057 0.2892496686553532 0.6474133617661935 0.4143095100508117
0 0.6779367845106824 0.7625538389365681 0.7395622509712193 0.763142261935644 0.72212160191485 0.6028803911103527 0.6604961354543131 0.6022919681112768 0.6779367845106824 0.7625538389365681
0 0.6956999816833235 0.9144901302142378 0.7548595685798555 0.9150550080731021 0.7431400572919773 0.8073645890936795 0.6839804703954454 0.8067997112348152 0.6956999816833235 0.9144901302142378