4 0.7211984270791931 0.19112511484857178 0.42128967815951696 0.13455698303005909 0.25669877818851894 0.17125539240547327 0.22211072517228192 0.5392149775438156 0.3638192679991565 0.5903441419806461 0.6217179277933936 0.6049331912762397 0.7211984270791931 0.19112511484857178
3 0.2101868258084371 0.44863248931041505 0.21672407131328822 0.2627192153296641 0.03357991133648048 0.2369819157671646 0.019986208199709348 0.43778034915522634 0.2101868258084371 0.44863248931041505
0 0.5022571901964615 0.17156105828746848 0.6803735770060229 0.2209871667774302 0.686450389288299 0.21313224628843697 0.5112469370021051 0.16386065700003535 0.5022571901964615 0.17156105828746848
0 0.461293791446284 0.25842950717262264 0.5335575721065281 0.263171389264353 0.5412193771871917 0.2572177173273112 0.4094809166366852 0.23750933516558717 0.461293791446284 0.25842950717262264
0 0.45561459978111274 0.4316680989834876 0.5439780250225347 0.4309039018362109 0.539337371427751 0.421117585441461 0.4465839920100094 0.42210320636648313 0.45561459978111274 0.4316680989834876
0 0.48007006066655006 0.3920790086527524 0.5418530139760916 0.3908134123401692 0.547967484425233 0.3829604894621177 0.4735730584907871 0.38083134219726517 0.48007006066655006 0.3920790086527524
5 0.5462859858472028 0.2538521376885707 0.5731527782497866 0.2679975089763778 0.6129315518076416 0.27010760938539674 0.6323615700402881 0.3047559591734523 0.6304411650864794 0.3509919551804864 0.6106845755011904 0.39264747251671794 0.5912140013448443 0.39434039539983745 0.5902946579451871 0.40792041201042956 0.5614669008886696 0.4227457588061064 0.5551333387983208 0.42695271737364443 0.5466747694379543 0.444675737039866 0.5685359414751694 0.4612813375448198 0.5840226904565758 0.4648286027128742 0.6020427437679877 0.46669307806155824 0.6092752206634763 0.4670767312285719 0.5374810266231972 0.47326278597544874 0.49318694917979056 0.46637023925792753 0.45653394695719524 0.4716946329676208 0.42964702722542925 0.475719906005845 0.4082560443388489 0.4700422743012734 0.4022493586429032 0.45155193232013696 0.3815731206161964 0.4531808996913479 0.3949147349984028 0.48841487028411695 0.3921567047994313 0.5291549201158932 0.38018419814942533 0.5630460806527832 0.37583263561462266 0.5737182753481938 0.375097160894897 0.5845822886366674 0.39830640198627415 0.5812705154651988 0.4552676036103784 0.5797491450476439 0.5045060118591767 0.5850867969887243 0.5603027118437149 0.6007667809445862 0.5905608624159844 0.6005546802431371 0.6015323075118391 0.599319499102689 0.6196340789777454 0.5821080116655232 0.6267028107460595 0.5134304732338988 0.6369589046749453 0.45128211046116784 0.6653780596297147 0.3710169258105649 0.6869117451890061 0.3031066937129679 0.6823147193725346 0.26379365959559026 0.6758177171967716 0.25254599314010295 0.6482358786689792 0.23109400679562572 0.624863197492188 0.2189511549440691 0.6361287134262865 0.219548744252492 0.5696589645129037 0.21238845492628972 0.5203181044733334 0.19069082754059008 0.497476600741819 0.18857059406782195 0.5471031787214229 0.22391216161424712 0.5510055870072031 0.23774795232981086 0.5462859858472028 0.2538521376885707
1 0.7183056010728256 0.17757002472257308 0.7257628076137057 0.192502968471906 0.6916933158724852 0.3397115608067872 1 0.38265344773622295 1 0 0.7571300900412713 0 0.7183056010728256 0.17757002472257308
1 0.9872390591859571 0.950730265518204 1 0.7622329224295257 1 0.46289122819167433 0.6832470500877679 0.42738852389019544 0.6722143154319362 0.4295290394713496 0.6723368945518904 0.4277183705899373 0.6899748983775956 0.3471365562363579 0.5449737024383572 0.9736625432754871 0.9872390591859571 0.950730265518204
5 0.9752647976910742 0.3311228361442406 1 0.3369648026804866 1 0.302451612144882 0.9628223993793426 0.3004794932669107 0.9086396603251524 0.2966967361022708 0.8812011345535922 0.3088700191068502 0.9002426817900981 0.31351443730867373 0.9364053675328763 0.3154327191246295 0.9752647976910742 0.3311228361442406
0 0.8405847395269999 0.3548705231172987 1 0.37573680295355244 1 0.3635579158684955 0.8436699511621344 0.34503973931246074 0.8405847395269999 0.3548705231172987
0 0.7654542600427106 0.34668295163812896 0.8317421523078777 0.3592851078161761 0.8320618202817889 0.33102233809100917 0.7685495353424364 0.32776684567027536 0.7654542600427106 0.34668295163812896
0 0.6875518436409948 0.4788383886860885 0.7276370649987354 0.4764218168915768 0.7350547236202211 0.45762142238988796 0.6899014280355235 0.4530683348819179 0.6875518436409948 0.4788383886860885
6 0.7033042923718619 0.7315414154587552 0.6618569748435623 0.7481203170982306 0.6518594561152314 0.7766647290258744 0.6485769626881739 0.8013252035923146 0.6010549595354155 0.7885071289351282 0.5937541737487693 0.8129546767572587 0.5991071143532188 0.8411017685501873 0.6297945968870886 0.8881588933394079 0.7559752285739914 0.8470000064853552 0.8189976836117474 0.8333829755428313 0.8708239868557276 0.8421892337767724 0.9153086318738665 0.840309046619238 0.9617140022099643 0.8457992036966725 0.9728147406429639 0.8366963967882649 0.9811504296180412 0.8207840300225682 0.9836294483968602 0.7960809344290761 0.9901807208736493 0.7588736567547917 0.9474938978407097 0.7341974424294827 0.9213967307547757 0.7146413830014081 0.9152266011247607 0.6985653416400249 0.9126543039084306 0.6839959071489505 0.8356416176293175 0.6828348587872335 0.7774546286543257 0.6845939923761327 0.7291422703250655 0.6953572182234699 0.6850253473443995 0.6918056250703776 0.6750958362418913 0.6955188200279894 0.684916490226852 0.7172402474451396 0.6969570044304517 0.7299933461757219 0.7033042923718619 0.7315414154587552