4 0.31081081081081086 0.46996996996997 0.060810810810810856 0.46996996996997 0.06081081081081088 0.8903903903903904 0.3108108108108109 0.8903903903903904
3 0.8942348222853808 0.5961460511527598 0.8854166666666666 0.4996246246246247 0.47043918918918914 0.5670240240240239 0.47925734480790333 0.663545450552159
3 0.7733484516656377 0.29820713785978653 0.7137774665733455 0.29764928266756946 0.7125563063063063 0.5294759759759761 0.7721272913985985 0.5300338311681931
3 0.6295045045045045 0.6546546546546548 0.5867117117117117 0.6546546546546548 0.5867117117117117 0.8123123123123123 0.6295045045045045 0.8123123123123123
3 0.7454954954954955 0.6411411411411413 0.6869369369369369 0.6411411411411413 0.6869369369369369 0.8588588588588588 0.7454954954954955 0.8588588588588588
4 0.4707207207207208 0.43093093093093093 0.3310810810810811 0.43093093093093093 0.33108108108108114 0.9459459459459459 0.47072072072072085 0.9459459459459459
4 0.5743243243243243 0.6801801801801802 0.4797297297297297 0.6801801801801802 0.47972972972972977 0.9369369369369369 0.5743243243243245 0.9369369369369369
4 0.7027027027027027 0.05705705705705715 0.5 0.057057057057057145 0.5 0.5105105105105106 0.7027027027027027 0.5105105105105107
4 0.8648648648648649 0.6411411411411413 0.759009009009009 0.6411411411411413 0.759009009009009 0.8978978978978979 0.8648648648648649 0.8978978978978979
4 0.8378378378378378 0.055555555555555684 0.7195945945945946 0.055555555555555684 0.7195945945945946 0.2882882882882884 0.8378378378378378 0.28828828828828845
4 0.902027027027027 0.31081081081081097 0.7849099099099099 0.31081081081081097 0.7849099099099099 0.49249249249249266 0.902027027027027 0.49249249249249266