0 0.4802517361111111 0.8020833333333334 0.4253472222222223 0.8020833333333334 0.4253472222222223 1 0.4802517361111111 1
3 0.20442708333333337 3.0332686923325645e-17 0.16710069444444445 2.7285244078225173e-17 0.16710069444444448 0.5532407407407407 0.20442708333333337 0.5532407407407407
3 0.07942708333333334 0.007523148148148156 0.026041666666666668 0.007523148148148152 0.02604166666666668 0.3411458333333333 0.07942708333333336 0.3411458333333333
3 0.15668402777777773 0.006684606481481491 0.1342394497989459 -0.018597235152562112 0.08100535547902765 0.06542032783572899 0.10344993345785952 0.0907021694697726
3 0.3763020833333333 0.00028935185185191065 0.3439670138888889 0.000289351851851908 0.3439670138888889 0.24623842592592599 0.3763020833333333 0.24623842592592599
3 0.3111979166666667 0.1883680555555556 0.2105034722222222 0.1883680555555556 0.2105034722222222 0.2323495370370371 0.3111979166666667 0.2323495370370371
3 0.5186631944444444 8.256443987307098e-17 0.4926215277777778 8.04383169578846e-17 0.4926215277777778 0.15248842592592599 0.5186631944444444 0.15248842592592599
3 0.5620659722222222 8.837584250791374e-17 0.5203993055555556 8.497404584361553e-17 0.5203993055555556 0.10300925925925936 0.5620659722222222 0.10300925925925936
3 0.7921006944444444 1.269295380366267e-16 0.7625868055555556 1.2451993206608214e-16 0.7625868055555556 0.0567129629629631 0.7921006944444444 0.0567129629629631
3 0.8936631944444444 1.4082020774917774e-16 0.8311631944444444 1.357175127527304e-16 0.8311631944444444 0.07378472222222236 0.8936631944444444 0.07378472222222238
3 0.9683159722222222 0.003182870370370523 0.9016927083333334 0.003182870370370517 0.9016927083333334 0.09693287037037052 0.9683159722222222 0.09693287037037053
3 0.4778645833333333 7.267796831745433e-17 0.4123263888888889 6.73272256475686e-17 0.4123263888888889 0.12702546296296302 0.4778645833333333 0.12702546296296302
0 0.6488715277777778 0.23032407407407418 0.3927951388888889 0.23032407407407415 0.3927951388888889 0.3723958333333334 0.6488715277777778 0.3723958333333335
0 0.43532986111111116 0.4372106481481482 0.2615017361111111 0.43721064814814814 0.26150173611111116 0.5486111111111112 0.4353298611111112 0.5486111111111113