0 0.6426666666666667 1.3222267721836797e-16 0.5723333333333334 1.24568634723697e-16 0.5723333333333334 0.9952606635071092 0.6426666666666667 0.9952606635071093
0 0.11733333333333337 0.27399289099526064 0.05633333333333335 0.27399289099526064 0.05633333333333338 0.996149289099526 0.11733333333333341 0.996149289099526
0 0.5718333333333333 0.42002369668246453 0.0008333333333333623 0.4200236966824645 0.0008333333333333667 0.5441350710900474 0.5718333333333333 0.5441350710900476
0 0.718 0.3530805687203793 0.677 0.3530805687203793 0.677 0.42387440758293854 0.718 0.42387440758293854
0 0.9991666666666666 0.4232819905213272 0.6431666666666667 0.42328199052132714 0.6431666666666667 0.5165876777251187 0.9991666666666666 0.5165876777251187
0 1 0.7414099526066353 0.8465 0.7414099526066353 0.8465 0.9982227488151661 1 0.9982227488151661
4 0.9595 0.5263625592417064 0.95 0.5263625592417064 0.95 0.54946682464455 0.9595 0.54946682464455
4 0.9075 0.5044431279620855 0.8915 0.5044431279620855 0.8915 0.5319905213270143 0.9075 0.5319905213270143
0 0.9991666666666666 0.3518957345971567 0.9731666666666666 0.3518957345971567 0.9731666666666666 0.41291469194312824 0.9991666666666666 0.41291469194312824
4 0.9463333333333334 0.3634478672985785 0.9306666666666666 0.3634478672985785 0.9306666666666666 0.4022511848341235 0.9463333333333334 0.4022511848341235
4 0.9405 0.31605450236966853 0.932 0.31605450236966853 0.932 0.33353080568720406 0.9405 0.33353080568720406
4 0.7355 0.2997630331753556 0.7243333333333334 0.2997630331753556 0.7243333333333334 0.32790284360189587 0.7355 0.32790284360189587
4 0.736 0.21475118483412337 0.7235 0.21475118483412337 0.7235 0.25177725118483424 0.736 0.25177725118483424
0 1 0.19549763033175377 0.826 0.19549763033175377 0.826 0.22393364928909973 1 0.22393364928909973
0 0.8835 0.2224526066350713 0.8635 0.2224526066350713 0.8635 0.35396919431279633 0.8835 0.35396919431279633
0 0.42183333333333334 0.1327014218009479 9.14402943363357e-18 0.13270142180094788 1.3583374080542726e-17 0.26155213270142186 0.42183333333333334 0.26155213270142186
4 0.10366666666666667 0.03969194312796209 2.7350445180957553e-18 0.039691943127962086 4.327085356987315e-18 0.0859004739336493 0.10366666666666667 0.08590047393364933
0 0.7323333333333333 0.1558056872037916 0.7028333333333333 0.1558056872037916 0.7028333333333333 0.18305687203791482 0.7323333333333333 0.18305687203791482
0 0.8471666666666666 0.13151658767772528 0.7846666666666666 0.13151658767772528 0.7846666666666666 0.1623222748815168 0.8471666666666666 0.1623222748815168