3 0.7163628472222222 0.36574074074074087 0.7094184027777778 0.36574074074074087 0.7094184027777778 0.3975694444444446 0.7163628472222222 0.3975694444444446
3 0.8090277777777778 0.35271990740740755 0.7322048611111112 0.35271990740740755 0.7322048611111112 0.4487847222222224 0.8090277777777778 0.4487847222222224
3 0.2081163194444445 0.4273726851851852 0.19552951388888895 0.4273726851851852 0.19552951388888895 0.48292824074074076 0.2081163194444445 0.48292824074074076
3 0.8604600694444444 0.3486689814814816 0.8237847222222222 0.3486689814814816 0.8237847222222222 0.4675925925925927 0.8604600694444444 0.4675925925925927
3 0.330295138888889 0.9027777777777778 0.3101128472222223 0.9027777777777778 0.3101128472222223 0.9678819444444444 0.330295138888889 0.9678819444444444
3 0.4561631944444444 0.8686342592592593 0.406467013888889 0.8686342592592593 0.406467013888889 0.9097222222222222 0.4561631944444444 0.9097222222222222
1 0.39040798611111116 0.46383101851851855 0.2565104166666667 0.46383101851851855 0.25651041666666674 0.6371527777777778 0.3904079861111112 0.6371527777777778
1 0.5733506944444444 0.4696180555555557 0.5010850694444444 0.4696180555555557 0.5010850694444444 0.5714699074074076 0.5733506944444444 0.5714699074074076
3 0.3578559027777778 0.31278935185185186 0.3483072916666667 0.31278935185185186 0.3483072916666667 0.41695601851851855 0.3578559027777778 0.41695601851851855
3 0.384765625 0.31568287037037035 0.3721788194444444 0.31568287037037035 0.3721788194444444 0.45515046296296297 0.384765625 0.45515046296296297
3 0.4125434027777778 0.31568287037037046 0.3993055555555556 0.31568287037037035 0.3993055555555556 0.4482060185185186 0.4125434027777778 0.44820601851851866
3 0.5167100694444444 0.34172453703703715 0.5023871527777778 0.34172453703703715 0.5023871527777778 0.4551504629629631 0.5167100694444444 0.4551504629629631
3 0.5427517361111112 0.3359375000000001 0.5284288194444444 0.3359375000000001 0.5284288194444444 0.45167824074074087 0.5427517361111112 0.45167824074074087
3 0.5713975694444444 0.36342592592592604 0.5544704861111112 0.36342592592592604 0.5544704861111112 0.4563078703703705 0.5713975694444444 0.4563078703703705
3 0.6408420138888888 0.43663194444444453 0.3472222222222222 0.4366319444444444 0.3472222222222222 0.45862268518518523 0.6408420138888888 0.45862268518518534
3 0.5496961805555556 0.3793402777777779 0.4839409722222222 0.3793402777777779 0.4839409722222222 0.39612268518518534 0.5496961805555556 0.39612268518518534
3 0.4481336805555556 0.324363425925926 0.3070746527777778 0.32436342592592593 0.3070746527777778 0.33593750000000006 0.4481336805555556 0.3359375000000001
3 0.4698350694444444 0.2983217592592593 0.283203125 0.29832175925925924 0.283203125 0.3127893518518519 0.4698350694444444 0.31278935185185197