0 0.8235677083333334 0.547164351851852 0.7339409722222222 0.547164351851852 0.7339409722222222 0.9296875000000001 0.8235677083333334 0.9296875000000002
1 0.029296875000000087 0.9053819444444444 8.315798252022717e-17 0.9053819444444444 8.64003199658864e-17 0.9759837962962963 0.029296875000000087 0.9759837962962963
0 0.6553819444444444 0.48611111111111116 0.3932291666666667 0.4861111111111111 0.39322916666666674 0.5954861111111112 0.6553819444444444 0.5954861111111112
0 1 0.27112268518518534 0.9296875 0.27112268518518534 0.9296875 0.6206597222222224 1 0.6206597222222224
0 0.9997829861111112 0.6073495370370373 0.8289930555555556 0.6073495370370373 0.8289930555555556 0.6950231481481484 0.9997829861111112 0.6950231481481484
0 0.4231770833333333 0.21035879629629636 0.2502170138888889 0.21035879629629636 0.2502170138888889 0.28125000000000006 0.4231770833333333 0.28125000000000006
0 0.7942708333333334 0.13657407407407418 0.654296875 0.13657407407407418 0.654296875 0.23408564814814828 0.7942708333333334 0.23408564814814828
4 0.6469184027777778 0.15943287037037046 0.4227430555555556 0.15943287037037043 0.4227430555555556 0.44473379629629645 0.6469184027777778 0.44473379629629645
4 0.3561197916666667 3.800444710895649e-17 0.109375 1.7859432487565567e-17 0.109375 0.1235532407407408 0.3561197916666667 0.12355324074074081
0 0.08528645833333333 0.0008680555555555637 0.016276041666666668 0.0008680555555555581 0.01627604166666667 0.09895833333333333 0.08528645833333333 0.09895833333333333
1 0.26844618055555564 0.6643518518518519 0.20507812500000006 0.6643518518518519 0.20507812500000008 0.8350694444444444 0.26844618055555564 0.8350694444444444