3 0.2172309027777778 0.06481481481481485 0.20377604166666666 0.06481481481481485 0.20377604166666666 0.1287615740740741 0.2172309027777778 0.1287615740740741
3 0.4513888888888889 0.16840277777777782 1.5467544207980893e-17 0.1684027777777778 1.816506265662361e-17 0.22714120370370375 0.4513888888888889 0.22714120370370378
3 0.9151475694444444 0.3211805555555557 0.8975694444444444 0.3211805555555557 0.8975694444444444 0.40740740740740755 0.9151475694444444 0.40740740740740755
3 0.7934027777777778 0.2569444444444446 0.7840711805555556 0.2569444444444446 0.7840711805555556 0.2977430555555557 0.7934027777777778 0.2977430555555557
3 0.8096788194444444 0.09143518518518531 0.7947048611111112 0.09143518518518531 0.7947048611111112 0.12471064814814828 0.8096788194444444 0.12471064814814828
3 0.5390625 0.1250000000000001 0.5260416666666666 0.1250000000000001 0.5260416666666666 0.16406250000000006 0.5390625 0.16406250000000006
0 0.8624131944444444 0.617476851851852 0.8042534722222222 0.6174768518518519 0.8042534722222222 0.8342013888888891 0.8624131944444444 0.8342013888888892
4 0.6931423611111112 0.7977430555555556 0.5681423611111112 0.7977430555555556 0.5681423611111112 0.8414351851851852 0.6931423611111112 0.8414351851851852
0 0.3767361111111112 0.6510416666666666 0.35807291666666674 0.6510416666666666 0.35807291666666674 0.7630208333333334 0.3767361111111112 0.7630208333333334
3 0.6215277777777778 0.48495370370370383 0.5772569444444444 0.48495370370370383 0.5772569444444444 0.5523726851851853 0.6215277777777778 0.5523726851851853
3 0.6840277777777778 0.20254629629629642 0.6388888888888888 0.20254629629629642 0.6388888888888888 0.4100115740740742 0.6840277777777778 0.4100115740740742
3 0.7465277777777778 0.2051504629629631 0.703125 0.2051504629629631 0.703125 0.4027777777777779 0.7465277777777778 0.4027777777777779
3 0.6284722222222222 0.09780092592592603 0.59765625 0.09780092592592603 0.59765625 0.1634837962962964 0.6284722222222222 0.16348379629629642
3 0.6232638888888888 0.24074074074074084 0.5512152777777778 0.2407407407407408 0.5512152777777778 0.3776041666666668 0.6232638888888888 0.3776041666666668
3 0.1710069444444445 0.42766203703703703 0.13107638888888895 0.42766203703703703 0.13107638888888895 0.5269097222222222 0.1710069444444445 0.5269097222222222
3 0.8350694444444444 0.16550925925925936 0.5034722222222222 0.16550925925925933 0.5034722222222222 0.19704861111111122 0.8350694444444444 0.19704861111111124
3 1 0.16261574074074087 0.859375 0.16261574074074087 0.859375 0.22482638888888903 1 0.22482638888888903
0 0.7864583333333334 0.6226851851851852 0.7443576388888888 0.6226851851851852 0.7443576388888888 0.7688078703703703 0.7864583333333334 0.7688078703703703
0 0.9765625 0.26186342592592604 0.9210069444444444 0.26186342592592604 0.9210069444444444 0.4288194444444446 0.9765625 0.4288194444444446
4 0.4611545138888889 0.08275462962962969 0.4069010416666667 0.08275462962962969 0.4069010416666667 0.16232638888888895 0.4611545138888889 0.16232638888888895
3 0.3535156250000001 0.7554976851851852 0.3220486111111112 0.7554976851851852 0.3220486111111112 0.8284143518518519 0.3535156250000001 0.8284143518518519
3 0.2710503472222222 0.05960648148148153 0.25390625 0.05960648148148153 0.25390625 0.1299189814814815 0.2710503472222222 0.1299189814814815