0 1 0.3125000000000001 0.568359375 0.3125000000000001 0.568359375 0.35879629629629645 1 0.35879629629629645
0 0.9954427083333334 0.3877314814814816 0.7651909722222222 0.3877314814814816 0.7651909722222222 0.4817708333333335 0.9954427083333334 0.4817708333333335
0 0.7641059027777778 0.46383101851851866 0.5809461805555556 0.46383101851851866 0.5809461805555556 0.5092592592592594 0.7641059027777778 0.5092592592592594
3 0.1551649305555556 0.35648148148148145 0.10872395833333336 0.35648148148148145 0.10872395833333337 0.6412037037037037 0.1551649305555556 0.6412037037037037
0 0.9711371527777778 0.5905671296296298 0.5559895833333334 0.5905671296296298 0.5559895833333334 0.6383101851851853 0.9711371527777778 0.6383101851851855
3 0.10308159722222227 0.3793402777777778 0.007595486111111145 0.3793402777777778 0.007595486111111148 0.4308449074074074 0.10308159722222227 0.4308449074074074
3 0.10742187500000006 0.48640046296296297 0.0021701388888889337 0.48640046296296297 0.002170138888888935 0.5141782407407407 0.10742187500000006 0.5141782407407407
3 0.09440104166666671 0.5558449074074074 0.006510416666666717 0.5558449074074074 0.006510416666666721 0.6128472222222222 0.09440104166666671 0.6128472222222222
3 0.308810763888889 0.5674189814814815 0.1627604166666667 0.5674189814814815 0.1627604166666667 0.6302083333333334 0.308810763888889 0.6302083333333334
3 0.2888454861111111 0.48061342592592593 0.1573350694444445 0.48061342592592593 0.1573350694444445 0.5234375 0.2888454861111111 0.5234375
3 0.36349826388888895 0.39091435185185186 0.3070746527777778 0.39091435185185186 0.30707465277777785 0.6394675925925926 0.363498263888889 0.6394675925925926
3 0.5032552083333334 0.5703125000000001 0.3743489583333334 0.5703125 0.3743489583333334 0.6313657407407407 0.5032552083333334 0.6313657407407407
3 0.43294270833333337 0.486400462962963 0.3817274305555556 0.48640046296296297 0.3817274305555556 0.5384837962962964 0.4329427083333334 0.5384837962962964
4 0.5414496527777778 0.34317129629629634 0.3754340277777778 0.3431712962962963 0.3754340277777778 0.47135416666666674 0.5414496527777778 0.4713541666666668
4 0.2923177083333333 0.3272569444444444 0.16384548611111116 0.3272569444444444 0.16384548611111116 0.46903935185185186 0.2923177083333333 0.46903935185185186