0 0.3654119318181818 0.2618371212121213 0.3409090909090909 0.2618371212121213 0.3409090909090909 0.36268939393939403 0.3654119318181818 0.36268939393939403
0 0.3977272727272727 6.323282833665666e-17 0.3767755681818182 6.152226580943853e-17 0.3767755681818182 0.23816287878787884 0.3977272727272727 0.23816287878787884
4 0.6072443181818182 0.24526515151515163 0.5482954545454546 0.24526515151515163 0.5482954545454546 0.3802083333333334 0.6072443181818182 0.3802083333333334
1 0.9996448863636364 0.002367424242424393 0.8441051136363636 0.0023674242424243804 0.8441051136363636 0.4512310606060608 0.9996448863636364 0.45123106060606083
4 0.75390625 0.3802083333333334 0.6612215909090909 0.3802083333333334 0.6612215909090909 0.4512310606060607 0.75390625 0.4512310606060607
0 0.8171164772727273 0.4540719696969698 0.7620738636363636 0.4540719696969698 0.7620738636363636 0.5525568181818183 0.8171164772727273 0.5525568181818183
4 0.83984375 0.6614583333333336 0.7837357954545454 0.6614583333333336 0.7837357954545454 0.7528409090909093 0.83984375 0.7528409090909093
4 0.5401278409090909 0.13210227272727285 0.5191761363636364 0.13210227272727285 0.5191761363636364 0.3664772727272728 0.5401278409090909 0.3664772727272728
3 0.31640625000000006 0.3650568181818182 0.25248579545454547 0.3650568181818182 0.25248579545454547 0.8224431818181818 0.31640625000000006 0.8224431818181818
4 0.23295454545454544 0.3271780303030303 3.0050814567145634e-17 0.3271780303030303 3.3595158108712016e-17 0.4043560606060606 0.23295454545454544 0.4043560606060606
4 0.6502130681818182 0.3683712121212122 0.4325284090909091 0.3683712121212122 0.4325284090909091 0.6079545454545454 0.6502130681818182 0.6079545454545454
4 0.8387784090909091 0.7793560606060607 0.3984375 0.7793560606060606 0.3984375 0.8636363636363638 0.8387784090909091 0.8636363636363639
3 0.42542613636363635 0.6065340909090909 0.3728693181818182 0.6065340909090909 0.3728693181818182 0.7481060606060606 0.42542613636363635 0.7481060606060606
3 0.5845170454545454 0.6112689393939394 0.5415482954545454 0.6112689393939394 0.5415482954545454 0.7196969696969697 0.5845170454545454 0.7196969696969697
3 0.6512784090909091 0.6207386363636364 0.5983664772727273 0.6207386363636364 0.5983664772727273 0.7784090909090909 0.6512784090909091 0.7784090909090909