1 0.37544014084507044 0.17840375586854468 0.31117957746478875 0.17840375586854468 0.31117957746478875 0.2969483568075118 0.37544014084507044 0.2969483568075118
1 0.4529049295774648 0.1895539906103287 0.4308978873239437 0.1895539906103287 0.4308978873239437 0.21948356807511743 0.4529049295774648 0.21948356807511743
1 0.4665492957746479 0.26819248826291087 0.4238556338028169 0.26819248826291087 0.4238556338028169 0.307511737089202 0.4665492957746479 0.307511737089202
1 0.4185739436619718 0.26525821596244137 0.38028169014084506 0.26525821596244137 0.38028169014084506 0.3122065727699531 0.4185739436619718 0.3122065727699532
1 0.3692781690140845 0.3086854460093897 0.33494718309859156 0.3086854460093897 0.33494718309859156 0.3503521126760563 0.3692781690140845 0.3503521126760563
1 0.5721830985915493 0.3192488262910799 0.5193661971830986 0.3192488262910799 0.5193661971830986 0.35269953051643205 0.5721830985915493 0.35269953051643205
1 0.6078345070422535 0.3632629107981222 0.5118838028169014 0.3632629107981222 0.5118838028169014 0.4319248826291081 0.6078345070422535 0.4319248826291081
1 0.49911971830985913 0.4160798122065729 0.4454225352112676 0.4160798122065729 0.4454225352112676 0.47769953051643205 0.49911971830985913 0.47769953051643205
1 0.8085387323943662 0.36971830985915505 0.7438380281690141 0.36971830985915505 0.7438380281690141 0.4372065727699532 0.8085387323943662 0.4372065727699532
1 0.9938380281690141 0.44542253521126773 0.9683098591549296 0.44542253521126773 0.9683098591549296 0.48356807511737104 0.9938380281690141 0.48356807511737104
0 0.6615316901408451 0.28169014084507055 0.5189260563380281 0.2816901408450705 0.5189260563380281 0.31514084507042267 0.6615316901408451 0.31514084507042267
4 0.30721830985915494 0.4061032863849765 0.22799295774647887 0.4061032863849765 0.22799295774647887 0.4865023474178404 0.30721830985915494 0.4865023474178404