3 1 0.24479166666666674 0.06423611111111113 0.24479166666666666 0.06423611111111113 0.3139467592592593 1 0.3139467592592594
0 0.1369357638888889 0.10677083333333336 9.806741946297164e-18 0.10677083333333333 1.1799982179284393e-17 0.1501736111111111 0.1369357638888889 0.1501736111111111
3 0.5052083333333334 0.12557870370370378 0.4958767361111111 0.12557870370370378 0.4958767361111111 0.1765046296296297 0.5052083333333334 0.1765046296296297
3 0.8836805555555556 0.1475694444444446 0.8715277777777778 0.1475694444444446 0.8715277777777778 0.2196180555555557 0.8836805555555556 0.2196180555555557
3 0.7367621527777778 0.10271990740740754 0.7198350694444444 0.10271990740740754 0.7198350694444444 0.17042824074074087 0.7367621527777778 0.17042824074074087
0 0.6911892361111112 0.1400462962962964 0.5251736111111112 0.1400462962962964 0.5251736111111112 0.18287037037037046 0.6911892361111112 0.1828703703703705
1 0.6649305555555556 0.5714699074074076 0.5709635416666666 0.5714699074074076 0.5709635416666666 0.8399884259259259 0.6649305555555556 0.8399884259259259
1 0.20746527777777782 0.6527777777777778 0.17816840277777782 0.6527777777777778 0.17816840277777782 0.7578125 0.20746527777777782 0.7578125
1 0.7248263888888888 0.3535879629629631 0.6870659722222222 0.3535879629629631 0.6870659722222222 0.4739583333333335 0.7248263888888888 0.4739583333333335
1 0.6163194444444444 0.4270833333333335 0.5375434027777778 0.4270833333333335 0.5375434027777778 0.4722222222222224 0.6163194444444444 0.4722222222222224
3 0.8348524305555556 0.15509259259259273 0.8138020833333334 0.15509259259259273 0.8138020833333334 0.19936342592592607 0.8348524305555556 0.19936342592592607