0 0.5323350694444444 6.521882042334211e-17 0.2664930555555556 4.351464899748118e-17 0.2664930555555556 0.2971643518518519 0.5323350694444444 0.29716435185185197
0 0.7545572916666666 0.060474537037037146 0.6067708333333334 0.06047453703703714 0.6067708333333334 0.11284722222222233 0.7545572916666666 0.11284722222222235
1 0.9800347222222222 0.42592592592592604 0.7612847222222222 0.42592592592592604 0.7612847222222222 0.6206597222222223 0.9800347222222222 0.6206597222222224
1 0.6573350694444444 0.5541087962962964 0.4811197916666667 0.5541087962962964 0.4811197916666667 0.6443865740740741 0.6573350694444444 0.6443865740740741
1 0.5798611111111112 0.2870370370370371 0.3910590277777778 0.2870370370370371 0.3910590277777778 0.4638310185185186 0.5798611111111112 0.46383101851851866
1 0.3472222222222223 0.6258680555555556 0.2632378472222223 0.6258680555555556 0.2632378472222223 0.7638888888888888 0.3472222222222223 0.7638888888888888
1 0.4238281250000001 0.8003472222222222 0.24826388888888898 0.8003472222222222 0.24826388888888898 0.8622685185185185 0.4238281250000001 0.8622685185185185
1 0.9984809027777778 0.674189814814815 0.7072482638888888 0.6741898148148148 0.7072482638888888 0.9157986111111113 0.9984809027777778 0.9157986111111114
1 0.3752170138888889 0.043402777777777825 0.20811631944444445 0.04340277777777781 0.20811631944444445 0.22135416666666674 0.3752170138888889 0.22135416666666674
1 0.10199652777777782 0.39091435185185186 0.00043402777777781364 0.39091435185185186 0.0004340277777778171 0.4652777777777778 0.10199652777777783 0.4652777777777778
1 0.11848958333333333 0.039930555555555566 0.0008680555555555594 0.03993055555555555 0.0008680555555555675 0.21643518518518517 0.11848958333333333 0.21643518518518517
1 0.06857638888888891 0.2673611111111111 2.4556719670402658e-17 0.2673611111111111 2.8782388964335576e-17 0.359375 0.06857638888888891 0.359375
0 0.26085069444444453 0.5963541666666666 0.17144097222222227 0.5963541666666666 0.17144097222222227 0.6909722222222222 0.26085069444444453 0.6909722222222222
1 0.26236979166666674 0.6976273148148148 0.23003472222222232 0.6976273148148148 0.23003472222222232 0.7604166666666666 0.26236979166666674 0.7604166666666666
1 0.18424479166666674 0.7193287037037037 0.011935763888888954 0.7193287037037037 0.011935763888888964 0.9247685185185185 0.18424479166666677 0.9247685185185185