3 1 0.09577546296296312 0.8726128472222222 0.09577546296296309 0.8726128472222222 0.6796875000000002 1 0.6796875000000002
0 0.9461805555555556 0.6820023148148151 0.8836805555555556 0.6820023148148151 0.8836805555555556 0.959490740740741 0.9461805555555556 0.959490740740741
5 0.2814670138888889 0.11458333333333337 0.2126736111111111 0.11458333333333337 0.21267361111111113 0.26996527777777785 0.2814670138888889 0.26996527777777785
3 0.5427517361111112 0.1218171296296297 0.4991319444444444 0.12181712962962969 0.4991319444444444 0.28732638888888895 0.5427517361111112 0.28732638888888895
3 0.580078125 0.13917824074074084 0.5425347222222222 0.13917824074074084 0.5425347222222222 0.554976851851852 0.580078125 0.554976851851852
3 0.6174045138888888 0.1898148148148149 0.5946180555555556 0.18981481481481488 0.5946180555555556 0.3035300925925927 0.6174045138888888 0.3035300925925927
3 0.6616753472222222 0.1912615740740742 0.6315104166666666 0.1912615740740742 0.6315104166666666 0.3359375000000001 0.6616753472222222 0.3359375000000001
3 0.7380642361111112 0.22019675925925938 0.7042100694444444 0.22019675925925938 0.7042100694444444 0.41348379629629645 0.7380642361111112 0.41348379629629645
0 0.7276475694444444 0.5616319444444445 0.6716579861111112 0.5616319444444445 0.6716579861111112 1 0.7276475694444444 1
0 0.6686197916666666 0.8307291666666666 0.4568142361111111 0.8307291666666666 0.4568142361111111 0.9155092592592593 0.6686197916666666 0.9155092592592593
0 0.8665364583333334 0.871238425925926 0.7378472222222222 0.8712384259259259 0.7378472222222222 0.9293981481481483 0.8665364583333334 0.9293981481481484