5 0.1631944444444445 0.3003472222222222 2.758644482454324e-17 0.3003472222222222 3.5386658269633263e-17 0.47019675925925924 0.1631944444444445 0.47019675925925924
5 0.21028645833333337 0.6151620370370371 5.650171647107797e-17 0.6151620370370371 5.950486508877873e-17 0.6805555555555556 0.21028645833333337 0.6805555555555556
5 0.1844618055555556 0.7251157407407407 0.10850694444444452 0.7251157407407407 0.10850694444444452 0.7795138888888888 0.1844618055555556 0.7795138888888888
5 1 0.29803240740740755 0.8802083333333334 0.29803240740740755 0.8802083333333334 0.474826388888889 1 0.474826388888889
5 0.251953125 0.4305555555555556 0.24305555555555555 0.4305555555555556 0.24305555555555555 0.48234953703703703 0.251953125 0.48234953703703703
5 0.3467881944444444 0.31047453703703703 0.314453125 0.31047453703703703 0.314453125 0.34346064814814814 0.3467881944444444 0.34346064814814814
5 0.3663194444444444 0.39091435185185186 0.3526475694444444 0.39091435185185186 0.3526475694444444 0.45023148148148145 0.3663194444444444 0.45023148148148145
5 0.4318576388888889 0.285300925925926 0.4236111111111111 0.285300925925926 0.4236111111111111 0.31192129629629645 0.4318576388888889 0.31192129629629645
0 0.4748263888888889 0.28616898148148157 0.4325086805555556 0.28616898148148157 0.4325086805555556 0.29745370370370383 0.4748263888888889 0.29745370370370383
5 0.2656250000000001 0.6857638888888888 0.24652777777777787 0.6857638888888888 0.24652777777777787 0.6912615740740741 0.2656250000000001 0.6912615740740741
5 0.2543402777777779 0.7439236111111112 0.24457465277777787 0.7439236111111112 0.24457465277777787 0.7482638888888888 0.2543402777777779 0.7482638888888888
4 0.2287326388888889 0.2303240740740741 0.07400173611111113 0.23032407407407407 0.07400173611111113 0.2818287037037037 0.2287326388888889 0.2818287037037038
4 0.8331163194444444 0.2670717592592594 0.6278211805555556 0.2670717592592594 0.6278211805555556 0.32146990740740755 0.8331163194444444 0.32146990740740755
4 0.6089409722222222 0.2598379629629631 0.5008680555555556 0.259837962962963 0.5008680555555556 0.2884837962962964 0.6089409722222222 0.28848379629629645
1 0.4229600694444445 0.4690393518518519 0.3309461805555556 0.46903935185185186 0.3309461805555556 0.6799768518518519 0.42296006944444453 0.6799768518518519