0 0.29470486111111116 0.3208912037037037 0.1551649305555556 0.3208912037037037 0.1551649305555556 0.5928819444444444 0.2947048611111112 0.5928819444444444
5 0.2055121527777778 3.1696949127236906e-17 0.18272569444444445 2.983659157644883e-17 0.18272569444444448 0.31568287037037035 0.20551215277777782 0.31568287037037035
5 0.400390625 6.321672134487494e-17 0.3739149305555556 6.10551630477688e-17 0.3739149305555556 0.09375000000000007 0.400390625 0.09375000000000007
4 1 1.5848474563618452e-16 0.9411892361111112 1.5368325138605528e-16 0.9411892361111112 0.2708333333333335 1 0.2708333333333335
5 0.9898003472222222 1.575988610881902e-16 0.9405381944444444 1.5357694524029599e-16 0.9405381944444444 0.2534722222222224 0.9898003472222222 0.2534722222222224
0 0.18033854166666666 0.01765046296296298 1.6211687228296126e-18 0.01765046296296296 6.8434581332561524e-18 0.13136574074074076 0.18033854166666666 0.13136574074074078
5 0.5980902777777778 9.601216731162481e-17 0.5779079861111112 9.436442205235538e-17 0.5779079861111112 0.07349537037037047 0.5980902777777778 0.07349537037037047
5 0.7801649305555556 1.2593734734287307e-16 0.7623697916666666 1.2448449668416238e-16 0.7623697916666666 0.03819444444444458 0.7801649305555556 0.03819444444444458
5 0.8914930555555556 1.4400939212195728e-16 0.8723958333333334 1.4245023531748726e-16 0.8723958333333334 0.037326388888889034 0.8914930555555556 0.037326388888889034
5 0.7476128472222222 0.045138888888889006 0.7465277777777778 0.045138888888889006 0.7465277777777778 0.045717592592592705 0.7476128472222222 0.045717592592592705
4 0.7328559027777778 0.4574652777777779 0.6716579861111112 0.4574652777777779 0.6716579861111112 0.5468750000000001 0.7328559027777778 0.5468750000000001
4 0.4869791666666667 0.027777777777777853 0.4112413194444444 0.027777777777777842 0.4112413194444444 0.35561342592592604 0.4869791666666667 0.35561342592592604