5 0.50390625 0.7355324074074074 0.2402343750000001 0.7355324074074074 0.2402343750000001 0.7760416666666666 0.50390625 0.7760416666666666
4 0.5047743055555556 0.21035879629629636 0.4487847222222222 0.21035879629629636 0.4487847222222222 0.33362268518518534 0.5047743055555556 0.33362268518518534
3 0.3962673611111111 0.0002893518518519124 0.3446180555555556 0.00028935185185190816 0.3446180555555556 0.2986111111111111 0.3962673611111111 0.2986111111111111
1 0.9053819444444444 1.2988839242692776e-16 0.685546875 1.1194037148456274e-16 0.685546875 0.40393518518518534 0.9053819444444444 0.40393518518518534
4 1 0.40248842592592604 0.9155815972222222 0.40248842592592604 0.9155815972222222 0.4285300925925927 1 0.4285300925925927
4 0.21853298611111116 0.28935185185185186 0.13020833333333337 0.28935185185185186 0.13020833333333337 0.3191550925925926 0.21853298611111116 0.3191550925925926
3 0.31271701388888895 0.4618055555555556 0.2875434027777778 0.4618055555555556 0.28754340277777785 0.5538194444444444 0.312717013888889 0.5538194444444444
3 0.2588975694444444 0.34751157407407407 0.20941840277777782 0.34751157407407407 0.20941840277777782 0.5202546296296297 0.2588975694444444 0.5202546296296297
3 0.43424479166666674 0.4270833333333335 0.41015625 0.4270833333333335 0.41015625000000006 0.5422453703703705 0.43424479166666674 0.5422453703703705
3 0.4759114583333333 0.4444444444444446 0.44921875 0.4444444444444446 0.44921875 0.5607638888888891 0.4759114583333333 0.5607638888888891
0 0.39778645833333337 0.49363425925925924 0.3200954861111111 0.49363425925925924 0.32009548611111116 0.5399305555555556 0.3977864583333334 0.5399305555555556
0 0.6260850694444444 0.36487268518518534 0.5913628472222222 0.36487268518518534 0.5913628472222222 0.44473379629629645 0.6260850694444444 0.44473379629629645