3 0.014322916666666689 0.17390046296296297 1.5972498400337657e-17 0.17390046296296297 1.956033081971467e-17 0.25202546296296297 0.014322916666666692 0.25202546296296297
3 0.6733940972222222 0.2607060185185186 0.2443576388888889 0.2607060185185186 0.2443576388888889 0.3162615740740741 0.6733940972222222 0.3162615740740742
3 1 0.2928240740740742 0.7421875 0.2928240740740742 0.7421875 0.3234953703703705 1 0.3234953703703705
1 0.9819878472222222 0.33101851851851866 0.8732638888888888 0.33101851851851866 0.8732638888888888 0.38831018518518534 0.9819878472222222 0.38831018518518534
1 0.5004340277777778 0.32146990740740755 0.4602864583333333 0.32146990740740755 0.4602864583333333 0.4094328703703705 0.5004340277777778 0.4094328703703705
3 0.8780381944444444 0.47164351851851866 0.830078125 0.47164351851851866 0.830078125 0.8712384259259262 0.8780381944444444 0.8712384259259262
3 0.9437934027777778 0.6128472222222224 0.9144965277777778 0.6128472222222224 0.9144965277777778 0.7427662037037039 0.9437934027777778 0.7427662037037039
3 0.994140625 0.6142939814814817 0.974609375 0.6142939814814817 0.974609375 0.8200231481481484 0.994140625 0.8200231481481484
3 0.7374131944444444 0.5896990740740742 0.7202690972222222 0.5896990740740742 0.7202690972222222 0.7282986111111112 0.7374131944444444 0.7282986111111112
0 0.9984809027777778 0.9091435185185186 0.7771267361111112 0.9091435185185185 0.7771267361111112 0.9357638888888891 0.9984809027777778 0.9357638888888892
3 0.3068576388888889 0.4088541666666667 0.2868923611111111 0.4088541666666667 0.2868923611111111 0.4956597222222222 0.3068576388888889 0.4956597222222222
3 0.2046440972222222 0.1756365740740741 0.1918402777777778 0.17563657407407407 0.1918402777777778 0.2068865740740741 0.2046440972222222 0.20688657407407415
3 0.8530815972222222 0.15306712962962976 0.8430989583333334 0.15306712962962976 0.8430989583333334 0.1866319444444446 0.8530815972222222 0.1866319444444446
3 0.0709635416666667 0.2699652777777778 0.012369791666666692 0.2699652777777778 0.012369791666666703 0.48842592592592593 0.07096354166666671 0.48842592592592593
4 0.6432291666666666 0.1319444444444445 0.2769097222222222 0.13194444444444448 0.2769097222222222 0.2042824074074075 0.6432291666666666 0.20428240740740755
0 0.24175347222222232 0.7413194444444444 0.18728298611111116 0.7413194444444444 0.1872829861111112 0.9204282407407407 0.24175347222222232 0.9204282407407407
4 0.5392795138888888 0.8891782407407407 0.5080295138888888 0.8891782407407407 0.5080295138888888 0.9398148148148148 0.5392795138888888 0.9398148148148148
0 0.6905381944444444 0.8993055555555556 0.541015625 0.8993055555555556 0.541015625 0.9175347222222222 0.6905381944444444 0.9175347222222222
0 0.5062934027777778 0.8946759259259259 0.3708767361111112 0.8946759259259259 0.3708767361111112 0.9123263888888888 0.5062934027777778 0.9123263888888888
3 0.4767795138888889 0.5992476851851852 0.458984375 0.5992476851851852 0.458984375 0.6336805555555556 0.4767795138888889 0.6336805555555556
3 0.4403211805555556 0.4661458333333335 0.4210069444444444 0.4661458333333335 0.4210069444444444 0.5075231481481483 0.4403211805555556 0.5075231481481483
3 0.1280381944444445 0.30005787037037035 0.1000434027777778 0.30005787037037035 0.10004340277777782 0.4618055555555556 0.1280381944444445 0.4618055555555556
3 0.22026909722222224 0.24334490740740744 0.0062934027777778 0.2433449074074074 0.0062934027777778005 0.27083333333333337 0.22026909722222227 0.2708333333333334
3 0.19379340277777782 0.3258101851851852 0.16601562500000006 0.3258101851851852 0.16601562500000006 0.38917824074074076 0.19379340277777782 0.38917824074074076