3 0.9976128472222222 0.3457754629629631 0.6469184027777778 0.3457754629629631 0.6469184027777778 0.388888888888889 0.9976128472222222 0.388888888888889
3 0.537109375 0.2251157407407408 0.5141059027777778 0.2251157407407408 0.5141059027777778 0.5434027777777779 0.537109375 0.5434027777777779
0 0.2530381944444444 0.18576388888888892 0.009114583333333351 0.1857638888888889 0.009114583333333353 0.23871527777777782 0.2530381944444444 0.23871527777777785
1 0.14539930555555564 0.5656828703703703 0.09895833333333338 0.5656828703703703 0.0989583333333334 0.9322916666666666 0.14539930555555566 0.9322916666666666
1 0.2591145833333334 0.6521990740740741 0.2154947916666667 0.6521990740740741 0.2154947916666667 0.7230902777777778 0.2591145833333334 0.7230902777777778
1 0.22808159722222232 0.7508680555555556 0.1846788194444445 0.7508680555555556 0.1846788194444445 0.7861689814814815 0.22808159722222232 0.7861689814814815
1 0.22113715277777787 0.8527199074074074 0.18381076388888898 0.8527199074074074 0.18381076388888898 0.9256365740740741 0.22113715277777787 0.9256365740740741
1 0.3415798611111112 0.8443287037037037 0.265842013888889 0.8443287037037037 0.265842013888889 0.9322916666666666 0.3415798611111112 0.9322916666666666
0 0.5442708333333334 0.549189814814815 0.41471354166666674 0.549189814814815 0.41471354166666674 0.6053240740740741 0.5442708333333334 0.6053240740740741
1 0.41167534722222227 0.27951388888888895 0.3465711805555556 0.27951388888888895 0.3465711805555556 0.6825810185185185 0.4116753472222223 0.6825810185185185
1 0.3146701388888889 0.22598379629629636 0.2612847222222222 0.22598379629629636 0.2612847222222222 0.3208912037037037 0.3146701388888889 0.3208912037037037
1 0.4845920138888889 0.27343750000000006 0.4264322916666667 0.27343750000000006 0.4264322916666667 0.32060185185185197 0.4845920138888889 0.32060185185185197
1 0.49609375 0.3217592592592594 0.4730902777777778 0.3217592592592594 0.4730902777777778 0.5211226851851853 0.49609375 0.5211226851851853
0 0.9331597222222222 0.41637731481481494 0.9207899305555556 0.41637731481481494 0.9207899305555556 0.49623842592592604 0.9331597222222222 0.49623842592592604
1 0.7907986111111112 0.4869791666666668 0.7606336805555556 0.4869791666666668 0.7606336805555556 0.5381944444444445 0.7907986111111112 0.5381944444444445
0 0.6293402777777778 0.3697916666666668 0.5421006944444444 0.3697916666666668 0.5421006944444444 0.4079861111111112 0.6293402777777778 0.4079861111111112
1 0.20486111111111116 0.5098379629629629 0.1905381944444445 0.5098379629629629 0.1905381944444445 0.5517939814814815 0.20486111111111116 0.5517939814814815
3 0.09635416666666675 0.9331597222222222 8.570933001845083e-17 0.9331597222222222 8.818094790735499e-17 0.9869791666666666 0.09635416666666677 0.9869791666666666
0 0.5093315972222222 0.22887731481481488 0.3168402777777778 0.22887731481481488 0.3168402777777778 0.25665509259259267 0.5093315972222222 0.25665509259259267
0 0.6169704861111112 0.21296296296296305 0.5436197916666666 0.21296296296296302 0.5436197916666666 0.24971064814814825 0.6169704861111112 0.24971064814814828
3 0.6334635416666666 0.22887731481481494 0.6184895833333334 0.22887731481481494 0.6184895833333334 0.2682291666666668 0.6334635416666666 0.2682291666666668
3 0.716796875 0.24045138888888903 0.7042100694444444 0.24045138888888903 0.7042100694444444 0.271701388888889 0.716796875 0.271701388888889
3 0.7506510416666666 0.23466435185185197 0.7280815972222222 0.23466435185185197 0.7280815972222222 0.27748842592592604 0.7506510416666666 0.27748842592592604
0 0.7037760416666666 0.23177083333333345 0.6369357638888888 0.23177083333333345 0.6369357638888888 0.2566550925925927 0.7037760416666666 0.2566550925925927