1 0.7008333333333333 0.3853672985781992 0.6745 0.3853672985781992 0.6745 0.6276658767772515 0.7008333333333333 0.6276658767772515
1 0.7356666666666667 0.36048578199052145 0.7243333333333334 0.36048578199052145 0.7243333333333334 0.6122630331753557 0.7356666666666667 0.6122630331753557
1 0.7791666666666667 0.20616113744075845 0.7558333333333334 0.20616113744075842 0.7558333333333334 0.2582938388625594 0.7791666666666667 0.25829383886255947
1 0.3311666666666667 0.5020734597156399 0.30333333333333334 0.5020734597156398 0.30333333333333334 0.7337085308056872 0.3311666666666667 0.7337085308056872
1 0.8686666666666667 0.15906398104265423 0.8378333333333333 0.15906398104265423 0.8378333333333333 0.3255331753554504 0.8686666666666667 0.3255331753554504
1 0.3398333333333333 0.12736966824644558 0.30033333333333334 0.12736966824644558 0.30033333333333334 0.2885071090047394 0.3398333333333333 0.2885071090047394
1 0.8691666666666666 0.5287322274881517 0.8598333333333333 0.5287322274881517 0.8598333333333333 0.5604265402843603 0.8691666666666666 0.5604265402843603
1 0.9633333333333334 0.7023104265402846 0.858 0.7023104265402846 0.858 0.7505924170616116 0.9633333333333334 0.7505924170616116
1 0.7631666666666667 0.5382109004739338 0.752 0.5382109004739338 0.752 0.5998222748815167 0.7631666666666667 0.5998222748815167
1 0.6321666666666667 0.13329383886255938 0.6166666666666667 0.13329383886255938 0.6166666666666667 0.1561018957345973 0.6321666666666667 0.1561018957345973
4 0.7306666666666667 0.15906398104265412 0.4146666666666667 0.1590639810426541 0.4146666666666667 0.2659952606635072 0.7306666666666667 0.26599526066350726