0 0.21483333333333332 0.23074644549763038 0.1075 0.23074644549763032 0.1075 0.2553317535545024 0.21483333333333332 0.25533175355450244
0 0.5141666666666667 0.1860189573459717 0.4805 0.1860189573459717 0.4805 0.2683649289099527 0.5141666666666667 0.2683649289099527
0 0.674 0.34508293838862575 0.6398333333333334 0.34508293838862575 0.6398333333333334 0.40017772511848354 0.674 0.40017772511848354
0 0.624 0.40728672985782005 0.5718333333333333 0.40728672985782005 0.5718333333333333 0.4683056872037916 0.624 0.4683056872037916
0 0.534 0.584419431279621 0.4766666666666667 0.584419431279621 0.4766666666666667 0.6999407582938388 0.534 0.6999407582938388
0 0.456 0.6753554502369669 0.26150000000000007 0.6753554502369669 0.26150000000000007 0.7295616113744076 0.456 0.7295616113744076
4 0.43066666666666664 0.41617298578199063 0.37416666666666665 0.41617298578199063 0.37416666666666665 0.5316943127962087 0.43066666666666664 0.5316943127962087
0 0.5006666666666667 0.3317535545023698 0.48966666666666664 0.3317535545023698 0.48966666666666664 0.37973933649289116 0.5006666666666667 0.37973933649289116
0 0.5668333333333333 0.4152843601895736 0.5085 0.4152843601895736 0.5085 0.5121445497630334 0.5668333333333333 0.5121445497630334
0 0.674 0.6590639810426543 0.6416666666666667 0.6590639810426543 0.6416666666666667 0.7461492890995264 0.674 0.7461492890995264
0 0.6365 0.7962085308056873 0.5498333333333333 0.7962085308056872 0.5498333333333333 0.8631516587677727 0.6365 0.8631516587677728
0 0.11000000000000007 0.8356042654028436 0.029166666666666723 0.8356042654028436 0.029166666666666723 0.8646327014218009 0.11000000000000007 0.8646327014218009
0 0.8136666666666666 0.0008886255924172371 0.7993333333333333 0.0008886255924172355 0.7993333333333333 0.04887440758293857 0.8136666666666666 0.048874407582938574