4 0.19943576388888892 0.0031828703703703867 2.9234190083812687e-19 0.00318287037037037 2.4330819110664103e-17 0.5266203703703703 0.19943576388888895 0.5266203703703703
3 0.09375000000000007 0.5274884259259259 0.0023871527777778265 0.5274884259259259 0.002387152777777848 1 0.0937500000000001 1
4 0.9911024305555556 1.436196029208398e-16 0.7680121527777778 1.2540581661407648e-16 0.7680121527777778 0.4551504629629631 0.9911024305555556 0.4551504629629631
4 0.9993489583333334 0.8755787037037038 0.6434461805555556 0.8755787037037037 0.6434461805555556 1.0000000000000002 0.9993489583333334 1.0000000000000002
4 0.32899305555555564 0.8935185185185185 0.10069444444444452 0.8935185185185185 0.10069444444444453 1 0.32899305555555564 1
0 0.8767361111111112 0.28240740740740755 0.7916666666666666 0.28240740740740755 0.7916666666666666 0.9288194444444445 0.8767361111111112 0.9288194444444448
0 0.6206597222222222 0.3333333333333335 0.5494791666666666 0.3333333333333335 0.5494791666666666 0.7109375 0.6206597222222222 0.7109375
0 0.7632378472222222 0.00028935185185196394 0.6095920138888888 0.0002893518518519514 0.6095920138888888 0.43692129629629645 0.7632378472222222 0.43692129629629645
0 0.5904947916666666 0.0046296296296297 0.2588975694444444 0.004629629629629673 0.2588975694444444 0.3686342592592593 0.5904947916666666 0.3686342592592594
0 0.31184895833333337 0.47366898148148145 0.20138888888888895 0.47366898148148145 0.20138888888888895 0.9241898148148148 0.3118489583333334 0.9241898148148148
0 0.5766059027777778 0.9007523148148148 0.3266059027777779 0.9007523148148148 0.3266059027777779 0.953125 0.5766059027777778 0.953125
4 0.6000434027777778 0.7034143518518519 0.4698350694444444 0.7034143518518519 0.4698350694444444 0.8825231481481481 0.6000434027777778 0.8825231481481481