0 0.8186619718309859 0.26936619718309873 0.7935739436619719 0.26936619718309873 0.7935739436619719 0.381455399061033 0.8186619718309859 0.381455399061033
0 0.9551056338028169 0.5041079812206574 0.90625 0.5041079812206574 0.90625 0.8303990610328641 0.9551056338028169 0.8303990610328641
0 0.46963028169014087 0.5170187793427231 0.36971830985915494 0.517018779342723 0.369718309859155 0.9964788732394366 0.46963028169014087 0.9964788732394366
1 0.17121478873239443 0.5181924882629108 0.12544014084507046 0.5181924882629108 0.1254401408450705 0.8215962441314554 0.17121478873239446 0.8215962441314554
0 0.9867957746478874 0.3861502347417841 0.042693661971831026 0.38615023474178406 0.04269366197183103 0.4958920187793428 0.9867957746478874 0.49589201877934286
1 0.7284330985915493 0.8227699530516432 0.5787852112676056 0.8227699530516432 0.5787852112676056 0.9994131455399061 0.7284330985915493 0.9994131455399061
1 0.4220950704225352 0.21713615023474184 0.40096830985915494 0.21713615023474184 0.40096830985915494 0.30399061032863856 0.4220950704225352 0.3039906103286386
0 0.5660211267605634 0.7869718309859155 0.53125 0.7869718309859155 0.53125 0.92018779342723 0.5660211267605634 0.92018779342723
1 0.7095070422535211 0.49471830985915505 0.6338028169014085 0.49471830985915505 0.6338028169014085 0.7998826291079812 0.7095070422535211 0.7998826291079812
1 0.644806338028169 0.006455399061032959 0.5250880281690141 0.006455399061032949 0.5250880281690141 0.37734741784037573 0.644806338028169 0.37734741784037573
0 1 0.00645539906103301 0.7865316901408451 0.0064553990610329934 0.7865316901408451 0.17018779342723017 1 0.17018779342723017
1 0.19630281690140847 2.5836885228490228e-17 0.12015845070422536 1.9620221606057946e-17 0.12015845070422537 0.3785211267605634 0.1963028169014085 0.3785211267605634