0 0.2686631944444444 0.35561342592592593 3.2662563284550715e-17 0.35561342592592593 3.7592510794139126e-17 0.46296296296296297 0.2686631944444444 0.46296296296296297
0 0.8170572916666666 0.22714120370370383 0.7159288194444444 0.22714120370370383 0.7159288194444444 0.7740162037037038 0.8170572916666666 0.7740162037037039
1 0.501953125 0.5844907407407409 0.4654947916666667 0.5844907407407409 0.4654947916666667 0.6328125 0.501953125 0.6328125
1 0.4756944444444444 0.5026041666666669 0.4457465277777778 0.5026041666666669 0.4457465277777778 0.5555555555555557 0.4756944444444444 0.5555555555555557
0 0.708984375 0.2115162037037038 0.2747395833333333 0.21151620370370378 0.2747395833333333 0.4673032407407408 0.708984375 0.46730324074074087
1 0.10872395833333334 0.1299189814814815 0.05143229166666668 0.12991898148148148 0.05143229166666668 0.20023148148148148 0.10872395833333336 0.20023148148148148
1 0.08919270833333336 0.23292824074074073 0.04687500000000003 0.23292824074074073 0.04687500000000003 0.3509837962962963 0.08919270833333336 0.3509837962962963
1 0.13129340277777782 0.6432291666666666 0.08854166666666671 0.6432291666666666 0.08854166666666673 0.7465277777777778 0.13129340277777782 0.7465277777777778
1 0.16644965277777787 0.8964120370370371 0.14279513888888898 0.8964120370370371 0.14279513888888898 0.9542824074074074 0.16644965277777787 0.9542824074074074
1 0.3168402777777779 0.8637152777777778 0.2816840277777779 0.8637152777777778 0.2816840277777779 0.9939236111111112 0.3168402777777779 0.9939236111111112
4 0.9928385416666666 0.8967013888888891 0.7942708333333334 0.8967013888888888 0.7942708333333334 0.9997106481481483 0.9928385416666666 0.9997106481481484
1 0.8205295138888888 0.8388310185185186 0.7888454861111112 0.8388310185185185 0.7888454861111112 0.8781828703703705 0.8205295138888888 0.8781828703703707
0 0.6551649305555556 0.11921296296296303 0.1740451388888889 0.11921296296296299 0.1740451388888889 0.18287037037037043 0.6551649305555556 0.1828703703703705
0 0.9989149305555556 0.008101851851851933 0.004557291666666667 0.008101851851851851 0.004557291666666671 0.10069444444444453 0.9989149305555556 0.10069444444444461