3 0.8274739583333334 0.040798611111111244 0.7584635416666666 0.040798611111111244 0.7584635416666666 0.5885416666666669 0.8274739583333334 0.5885416666666669
3 0.986328125 0.2578125000000001 0.8376736111111112 0.2578125000000001 0.8376736111111112 0.3880208333333335 0.986328125 0.3880208333333335
3 1 0.07696759259259274 0.8387586805555556 0.07696759259259273 0.8387586805555556 0.18894675925925938 1 0.18894675925925938
3 0.7493489583333334 0.23755787037037046 0.4676649305555556 0.23755787037037043 0.4676649305555556 0.3614004629629631 0.7493489583333334 0.3614004629629631
3 0.751953125 0.03645833333333343 0.4871961805555556 0.03645833333333342 0.4871961805555556 0.17158564814814825 0.751953125 0.17158564814814828
3 0.4680989583333333 0.04803240740740748 0.4069010416666667 0.048032407407407475 0.4069010416666667 0.43547453703703715 0.4680989583333333 0.43547453703703715
3 0.400390625 0.23321759259259262 0.09982638888888891 0.2332175925925926 0.09982638888888891 0.3289930555555556 0.400390625 0.3289930555555556
3 0.3969184027777778 0.027777777777777818 0.12044270833333333 0.027777777777777794 0.12044270833333333 0.1576967592592593 0.3969184027777778 0.15769675925925933
3 0.08441840277777783 0.033564814814814825 0.020616319444444444 0.03356481481481482 0.02061631944444449 1 0.08441840277777787 1
3 0.22677951388888898 0.7826967592592593 0.08875868055555564 0.7826967592592593 0.08875868055555564 0.9030671296296297 0.22677951388888898 0.9030671296296297
4 0.9281684027777778 0.8451967592592594 0.6564670138888888 0.8451967592592593 0.6564670138888888 1.0000000000000002 0.9281684027777778 1.0000000000000002