0 0.30273437500000006 0.4826388888888889 0.15798611111111116 0.4826388888888889 0.15798611111111116 0.5619212962962963 0.3027343750000001 0.5619212962962963
0 0.2534722222222222 0.20775462962962965 0.1579861111111111 0.20775462962962962 0.1579861111111111 0.25954861111111116 0.2534722222222222 0.25954861111111116
0 0.4210069444444444 0.17332175925925933 0.265625 0.17332175925925933 0.265625 0.19502314814814822 0.4210069444444444 0.19502314814814822
0 0.2543402777777778 3.201586756451486e-17 0.13780381944444445 2.2501467519055825e-17 0.13780381944444445 0.0260416666666667 0.2543402777777778 0.02604166666666671
0 0.9997829861111112 0.3240740740740742 0.8815104166666666 0.3240740740740742 0.8815104166666666 0.443576388888889 0.9997829861111112 0.443576388888889
0 0.9997829861111112 0.6493055555555558 0.8140190972222222 0.6493055555555558 0.8140190972222222 0.709490740740741 0.9997829861111112 0.709490740740741
0 0.7026909722222222 0.31799768518518534 0.4845920138888889 0.31799768518518534 0.4845920138888889 0.3660300925925927 0.7026909722222222 0.3660300925925927
1 0.9997829861111112 0.7366898148148151 0.8678385416666666 0.7366898148148151 0.8678385416666666 0.9522569444444448 0.9997829861111112 0.9522569444444448
0 1 0.4589120370370371 0.3548177083333333 0.45891203703703703 0.35481770833333337 0.5387731481481483 1 0.5387731481481483
4 0.86328125 0.8952546296296298 0.437717013888889 0.8952546296296297 0.437717013888889 0.9681712962962964 0.86328125 0.9681712962962966
4 0.73828125 0.539351851851852 0.6551649305555556 0.539351851851852 0.6551649305555556 0.7847222222222222 0.73828125 0.7847222222222222
4 0.7411024305555556 0.37789351851851866 0.6770833333333334 0.37789351851851866 0.6770833333333334 0.4565972222222224 0.7411024305555556 0.4565972222222224