4 0.3414351851851852 0.26234567901234573 2.4096059705445606e-17 0.2623456790123457 2.6434794912150618e-17 0.3132716049382716 0.3414351851851852 0.3132716049382716
0 0.12924382716049387 0.30401234567901236 0.11574074074074078 0.30401234567901236 0.11574074074074078 0.3446502057613169 0.12924382716049387 0.3446502057613169
0 0.6358024691358025 0.22942386831275732 0.6060956790123457 0.22942386831275732 0.6060956790123457 0.3456790123456791 0.6358024691358025 0.3456790123456791
4 0.9996141975308642 0.18467078189300426 0.8024691358024691 0.18467078189300423 0.8024691358024691 0.3395061728395063 0.9996141975308642 0.3395061728395063
3 1 0.3791152263374486 0.00231481481481485 0.37911522633744854 0.002314814814814861 0.623971193415638 1 0.6239711934156381
5 0.3900462962962964 0.9573045267489712 0.17862654320987664 0.9573045267489712 0.17862654320987664 1 0.3900462962962964 1
0 0.27276234567901236 0.18724279835390953 0.22415123456790123 0.18724279835390953 0.22415123456790123 0.2716049382716049 0.27276234567901236 0.2716049382716049
0 0.38580246913580246 0.20576131687242805 0.3726851851851852 0.20576131687242805 0.3726851851851852 0.2618312757201647 0.38580246913580246 0.2618312757201647
4 0.43016975308641975 0.2628600823045268 0.3738425925925926 0.2628600823045268 0.3738425925925926 0.3014403292181071 0.43016975308641975 0.3014403292181071
0 0.6041666666666666 0.17541152263374496 0.5744598765432098 0.17541152263374496 0.5744598765432098 0.2145061728395063 0.6041666666666666 0.2145061728395063
0 0.7804783950617284 0.21913580246913592 0.7546296296296297 0.21913580246913592 0.7546296296296297 0.3333333333333334 0.7804783950617284 0.3333333333333334
0 0.9976851851851852 0.7834362139917698 0.7592592592592593 0.7834362139917698 0.7592592592592593 0.8605967078189303 0.9976851851851852 0.8605967078189303