0 0.9220920138888888 1.4512560665243012e-16 0.85546875 1.3968627552774498e-16 0.85546875 0.4010416666666668 0.9220920138888888 0.4010416666666668
4 0.2029079861111112 0.78125 0.10004340277777785 0.78125 0.10004340277777785 0.8434606481481481 0.20290798611111122 0.8434606481481481
1 0.6148003472222222 0.4791666666666668 0.4871961805555556 0.4791666666666668 0.4871961805555556 0.6024305555555556 0.6148003472222222 0.6024305555555556
1 0.4871961805555556 0.5813078703703705 0.4314236111111112 0.5813078703703705 0.4314236111111112 0.6371527777777778 0.4871961805555556 0.6371527777777778
1 0.6634114583333334 0.6403356481481481 0.44205729166666674 0.6403356481481481 0.44205729166666674 0.8998842592592593 0.6634114583333334 0.8998842592592593
1 0.6764322916666666 0.10156250000000007 0.2398003472222222 0.10156250000000003 0.2398003472222222 0.4725115740740741 0.6764322916666666 0.4725115740740742
1 0.7623697916666666 0.32089120370370383 0.6599392361111112 0.32089120370370383 0.6599392361111112 0.8894675925925926 0.7623697916666666 0.8894675925925926
1 0.3769531250000001 0.5384837962962963 0.3059895833333334 0.5384837962962963 0.3059895833333334 0.6116898148148148 0.3769531250000001 0.6116898148148148
1 0.24153645833333337 0.5107060185185185 0.06944444444444449 0.5107060185185185 0.0694444444444445 0.7436342592592593 0.24153645833333343 0.7436342592592593
0 0.39366319444444453 0.8043981481481481 0.2061631944444445 0.8043981481481481 0.20616319444444453 0.8703703703703703 0.39366319444444453 0.8703703703703703
4 0.19574652777777787 0.9030671296296297 0.09765625000000007 0.9030671296296297 0.09765625000000008 1 0.19574652777777787 1