0 0.5201822916666666 0.5506365740740742 5.057514884499595e-17 0.5506365740740741 5.429586394657211e-17 0.6316550925925926 0.5201822916666666 0.6316550925925926
3 0.7204861111111112 1.0830824483778603e-16 0.6061197916666666 9.897102170192585e-17 0.6061197916666666 0.6689814814814815 0.7204861111111112 0.6689814814814815
0 1 0.404513888888889 0.7361111111111112 0.404513888888889 0.7361111111111112 0.5222800925925927 1 0.5222800925925927
0 0.9989149305555556 0.6903935185185186 0.6401909722222222 0.6903935185185185 0.6401909722222222 0.7644675925925927 0.9989149305555556 0.7644675925925929
3 0.25086805555555564 0.8802083333333334 0.1894531250000001 0.8802083333333334 0.1894531250000001 0.9890046296296297 0.25086805555555564 0.9890046296296297
3 0.4366319444444445 0.4716435185185186 0.287109375 0.47164351851851855 0.28710937500000006 0.541087962962963 0.43663194444444453 0.5410879629629631
3 0.6006944444444444 0.45341435185185197 0.4939236111111111 0.45341435185185197 0.4939236111111111 0.547164351851852 0.6006944444444444 0.547164351851852
3 0.5828993055555556 0.6498842592592593 0.5143229166666666 0.6498842592592593 0.5143229166666666 0.7063078703703703 0.5828993055555556 0.7063078703703703
3 0.7749565972222222 0.8932291666666666 0.6473524305555556 0.8932291666666666 0.6473524305555556 0.9985532407407407 0.7749565972222222 0.9985532407407407
3 0.9997829861111112 1.4289317759148443e-16 0.7504340277777778 1.2253555067857487e-16 0.7504340277777778 0.04224537037037051 0.9997829861111112 0.04224537037037054
0 0.2467447916666667 0.3055555555555556 0.10850694444444448 0.3055555555555556 0.10850694444444448 0.5419560185185185 0.24674479166666677 0.5419560185185185