3 0.20681423611111113 0.17910879629629634 0.1312934027777778 0.1791087962962963 0.1312934027777778 0.5607638888888888 0.20681423611111116 0.5607638888888888
3 0.37087673611111116 0.1854745370370371 0.3309461805555556 0.1854745370370371 0.3309461805555556 0.7899305555555556 0.3708767361111112 0.7899305555555556
3 0.5262586805555556 0.20428240740740747 0.4991319444444444 0.20428240740740747 0.4991319444444444 1 0.5262586805555556 1
3 0.7165798611111112 0.18692129629629642 0.6391059027777778 0.18692129629629642 0.6391059027777778 1 0.7165798611111112 1
3 0.3250868055555556 0.2607060185185186 0.21158854166666666 0.2607060185185186 0.21158854166666669 0.3194444444444444 0.3250868055555556 0.3194444444444444
3 0.4926215277777778 0.26649305555555564 0.3765190972222222 0.26649305555555564 0.3765190972222222 0.3240740740740741 0.4926215277777778 0.3240740740740742
3 0.62890625 0.2708333333333334 0.5295138888888888 0.2708333333333334 0.5295138888888888 0.32754629629629645 0.62890625 0.32754629629629645
3 0.6236979166666666 0.6195023148148148 0.5349392361111112 0.6195023148148148 0.5349392361111112 0.6935763888888888 0.6236979166666666 0.6935763888888888
3 0.9162326388888888 0.2693865740740742 0.7269965277777778 0.2693865740740742 0.7269965277777778 0.34143518518518534 0.9162326388888888 0.34143518518518534
3 1 0.21585648148148162 0.9613715277777778 0.21585648148148162 0.9613715277777778 0.34143518518518534 1 0.34143518518518534
3 1 0.08796296296296305 8.079267077708232e-18 0.08796296296296297 1.2172053689442012e-17 0.1770833333333334 1 0.17708333333333345