3 0.37152777777777785 0.3667695473251029 0.03858024691358028 0.36676954732510286 0.038580246913580286 0.49125514403292186 0.37152777777777785 0.4912551440329219
4 0.36535493827160503 0.5483539094650206 0.2037037037037038 0.5483539094650206 0.2037037037037038 0.5900205761316872 0.36535493827160503 0.5900205761316872
0 0.04243827160493831 0.3873456790123457 3.5577123447452045e-17 0.3873456790123457 3.6734679256831295e-17 0.4125514403292181 0.04243827160493831 0.4125514403292181
4 1 0.34773662551440343 0.6786265432098766 0.34773662551440343 0.6786265432098766 0.3801440329218108 1 0.3801440329218108
3 0.9440586419753086 0.3858024691358026 0.6427469135802469 0.3858024691358026 0.6427469135802469 0.44650205761316886 0.9440586419753086 0.44650205761316886
4 0.8032407407407407 0.5318930041152264 0.5983796296296297 0.5318930041152263 0.5983796296296297 0.5766460905349795 0.8032407407407407 0.5766460905349796
1 0.5150462962962963 0.4089506172839507 0.4174382716049383 0.4089506172839507 0.4174382716049383 0.5802469135802469 0.5150462962962963 0.5802469135802469
4 0.6006944444444444 0.4125514403292182 0.5709876543209876 0.4125514403292182 0.5709876543209876 0.46862139917695483 0.6006944444444444 0.46862139917695483
1 0.8252314814814815 0.45370370370370383 0.6635802469135802 0.45370370370370383 0.6635802469135802 0.5262345679012347 0.8252314814814815 0.5262345679012347
0 1 0.40072016460905363 0.9363425925925926 0.40072016460905363 0.9363425925925926 0.4161522633744857 1 0.4161522633744857
1 0.8827160493827161 0.45113168724279845 0.8279320987654321 0.45113168724279845 0.8279320987654321 0.5648148148148151 0.8827160493827161 0.5648148148148151
1 0.654320987654321 0.4279835390946503 0.6207561728395061 0.4279835390946503 0.6207561728395061 0.4938271604938273 0.654320987654321 0.4938271604938273