3 0.18554687500000003 2.636392414831108e-17 0.13736979166666666 2.243059675521628e-17 0.13736979166666669 0.43431712962962965 0.18554687500000006 0.43431712962962965
3 0.37695312500000006 5.611192726996047e-17 0.3103298611111111 5.0672596145275325e-17 0.31032986111111116 0.6545138888888888 0.3769531250000001 0.6545138888888888
3 0.5436197916666666 8.548785888145224e-17 0.5034722222222222 8.221008605387325e-17 0.5034722222222222 0.5966435185185185 0.5436197916666666 0.5966435185185185
3 0.7638888888888888 0.00607638888888901 0.7154947916666666 0.006076388888889006 0.7154947916666666 0.7178819444444444 0.7638888888888888 0.7178819444444444
3 0.9177517361111112 0.00028935185185199945 0.8897569444444444 0.0002893518518519972 0.8897569444444444 0.49797453703703715 0.9177517361111112 0.49797453703703715
3 0.9950086805555556 0.1145833333333335 0.9266493055555556 0.1145833333333335 0.9266493055555556 0.1600115740740742 0.9950086805555556 0.1600115740740742
3 0.8821614583333334 0.12181712962962976 0.771484375 0.12181712962962976 0.771484375 0.15075231481481494 0.8821614583333334 0.15075231481481494
3 0.7076822916666666 0.1087962962962964 0.5501302083333334 0.10879629629629639 0.5501302083333334 0.1634837962962964 0.7076822916666666 0.16348379629629642
3 0.494140625 0.12181712962962969 0.3862847222222222 0.12181712962962969 0.3862847222222222 0.1530671296296297 0.494140625 0.1530671296296297
3 0.306640625 0.11892361111111116 0.19205729166666666 0.11892361111111115 0.19205729166666666 0.16811342592592596 0.306640625 0.16811342592592599
3 0.11132812500000006 0.27806712962962965 0.004340277777777804 0.27806712962962965 0.004340277777777809 0.4019097222222222 0.11132812500000006 0.4019097222222222
3 0.1330295138888889 0.11603009259259262 1.0657191112371716e-17 0.11603009259259259 1.39526816309106e-17 0.18778935185185186 0.1330295138888889 0.18778935185185186