1 0.6343333333333333 0.6928317535545025 0.6038333333333333 0.6928317535545023 0.6038333333333333 0.7834715639810428 0.6343333333333333 0.7834715639810429
1 0.25116666666666665 0.49200236966824645 0.2235 0.49200236966824645 0.2235 0.5228080568720379 0.25116666666666665 0.5228080568720379
1 0.21000000000000008 0.6226303317535545 0.16333333333333336 0.6226303317535545 0.16333333333333336 0.744372037914692 0.21000000000000008 0.744372037914692
1 0.7166666666666667 0.6380331753554505 0.6705 0.6380331753554505 0.6705 0.8071682464454979 0.7166666666666667 0.8071682464454979
0 0.9835 0.7920616113744079 0.9646666666666667 0.7920616113744079 0.9646666666666667 0.8216824644549766 0.9835 0.8216824644549766
1 0.8533333333333334 0.7674763033175358 0.8368333333333333 0.7674763033175358 0.8368333333333333 0.8071682464454979 0.8533333333333334 0.8071682464454979
1 0.8473333333333334 0.7008293838862562 0.8371666666666666 0.7008293838862562 0.8371666666666666 0.7316350710900477 0.8473333333333334 0.7316350710900477
1 1 0.6460308056872041 0.8275 0.6460308056872041 0.8275 0.9922985781990524 1 0.9922985781990524
1 0.8373333333333334 0.3127962085308058 0.7875 0.3127962085308058 0.7875 0.6297393364928913 0.8373333333333334 0.6297393364928913
1 0.8753333333333333 0.32168246445497645 0.8391666666666666 0.32168246445497645 0.8391666666666666 0.6273696682464458 0.8753333333333333 0.6273696682464458
1 0.9073333333333333 0.31575829383886267 0.8841666666666667 0.31575829383886267 0.8841666666666667 0.4848933649289101 0.9073333333333333 0.4848933649289101
1 0.9346666666666666 0.3276066350710902 0.9083333333333333 0.32760663507109017 0.9083333333333333 0.6380331753554505 0.9346666666666666 0.6380331753554505
1 1 0.3320497630331756 0.9658333333333333 0.3320497630331756 0.9658333333333333 0.5953791469194315 1 0.5953791469194315
1 0.20200000000000007 0.7645142180094787 0.16000000000000003 0.7645142180094787 0.16000000000000006 0.9946682464454977 0.20200000000000007 0.9946682464454977
0 0.588 0.6312203791469194 0.2725000000000001 0.6312203791469194 0.2725000000000001 0.8053909952606635 0.588 0.8053909952606635