1 0.549 0.512440758293839 0.4645 0.512440758293839 0.4645 0.8812203791469194 0.549 0.8812203791469194
1 0.46 0.5971563981042656 0.42333333333333334 0.5971563981042656 0.42333333333333334 0.8504146919431279 0.46 0.8504146919431279
1 0.09766666666666671 0.20023696682464456 0.04716666666666668 0.20023696682464456 0.047166666666666704 0.9090639810426541 0.09766666666666675 0.9090639810426541
1 0.6748333333333333 0.23578199052132714 0.6253333333333333 0.23578199052132714 0.6253333333333333 0.4289099526066352 0.6748333333333333 0.4289099526066352
4 0.5223333333333333 0.2659952606635072 0.1845 0.26599526066350715 0.1845 0.38210900473933657 0.5223333333333333 0.3821090047393366
1 0.582 0.3068720379146921 0.5466666666666666 0.3068720379146921 0.5466666666666666 0.426244075829384 0.582 0.426244075829384
1 0.168 0.05065165876777254 0.138 0.05065165876777254 0.138 0.08797393364928913 0.168 0.08797393364928913
1 0.8413333333333334 0.6241113744075832 0.814 0.6241113744075832 0.814 0.86196682464455 0.8413333333333334 0.86196682464455
1 0.5656666666666667 0.6673578199052133 0.5526666666666666 0.6673578199052133 0.5526666666666666 0.7351895734597157 0.5656666666666667 0.7351895734597157
1 0.7703333333333333 0.8003554502369671 0.6665 0.8003554502369671 0.6665 0.8871445497630335 0.7703333333333333 0.8871445497630335
1 0.6733333333333333 0.6501777251184837 0.661 0.6501777251184837 0.661 0.6863151658767775 0.6733333333333333 0.6863151658767775
1 0.9936666666666667 0.26688388625592435 0.8393333333333334 0.26688388625592435 0.8393333333333334 0.8643364928909956 0.9936666666666667 0.8643364928909956