0 0.8973524305555556 0.7138310185185188 0.8498263888888888 0.7138310185185188 0.8498263888888888 0.9137731481481484 0.8973524305555556 0.9137731481481484
3 0.4750434027777778 0.1877893518518519 1.7248172149449485e-17 0.18778935185185186 1.9042088359137994e-17 0.2268518518518519 0.4750434027777778 0.22685185185185192
3 0.224609375 0.07812500000000003 0.2065972222222222 0.07812500000000003 0.2065972222222222 0.13281250000000003 0.224609375 0.13281250000000003
3 0.8576388888888888 0.10908564814814828 0.8396267361111112 0.10908564814814828 0.8396267361111112 0.1594328703703705 0.8576388888888888 0.1594328703703705
3 0.8428819444444444 0.2881944444444446 0.8285590277777778 0.2881944444444446 0.8285590277777778 0.33883101851851866 0.8428819444444444 0.33883101851851866
3 0.9678819444444444 0.3619791666666668 0.9468315972222222 0.3619791666666668 0.9468315972222222 0.46035879629629645 0.9678819444444444 0.46035879629629645
3 0.6475694444444444 0.5312500000000001 0.6078559027777778 0.5312500000000001 0.6078559027777778 0.5986689814814815 0.6475694444444444 0.5986689814814815
3 0.3572048611111112 0.8249421296296297 0.340060763888889 0.8249421296296297 0.340060763888889 0.8819444444444444 0.3572048611111112 0.8819444444444444
3 0.16145833333333337 0.48119212962962965 0.1375868055555556 0.48119212962962965 0.1375868055555556 0.5179398148148148 0.16145833333333337 0.5179398148148148
3 0.2849392361111111 0.06105324074074079 0.2667100694444444 0.06105324074074079 0.2667100694444444 0.1287615740740741 0.2849392361111111 0.1287615740740741
3 0.18771701388888892 0.24913194444444445 0.166015625 0.24913194444444445 0.16601562500000003 0.28616898148148145 0.18771701388888895 0.28616898148148145
3 0.6590711805555556 0.10445601851851861 0.634765625 0.10445601851851861 0.634765625 0.19241898148148162 0.6590711805555556 0.19241898148148162
3 0.564453125 0.1377314814814816 0.5544704861111112 0.1377314814814816 0.5544704861111112 0.17621527777777785 0.564453125 0.17621527777777785
3 0.7024739583333334 0.2375578703703705 0.6770833333333334 0.2375578703703705 0.6770833333333334 0.4424189814814816 0.7024739583333334 0.4424189814814816
3 0.775390625 0.2375578703703705 0.7552083333333334 0.2375578703703705 0.7552083333333334 0.43778935185185197 0.775390625 0.43778935185185197
3 1 0.19126157407407418 0.5431857638888888 0.19126157407407415 0.5431857638888888 0.23177083333333343 1 0.23177083333333345