0 0.5106336805555556 0.3622685185185186 0.12044270833333338 0.36226851851851855 0.12044270833333338 0.45081018518518523 0.5106336805555556 0.45081018518518534
4 0.5060763888888888 0.5069444444444445 4.656209184258166e-17 0.5069444444444444 6.920530088931658e-17 1 0.5060763888888888 1
4 0.8033854166666666 0.20399305555555566 0.5119357638888888 0.2039930555555556 0.5119357638888888 0.8116319444444444 0.8033854166666666 0.8116319444444444
0 0.80078125 0.8177083333333334 0.6553819444444444 0.8177083333333334 0.6553819444444444 0.9997106481481481 0.80078125 0.9997106481481481
0 0.9572482638888888 0.7809606481481484 0.9008246527777778 0.7809606481481484 0.9008246527777778 0.9997106481481484 0.9572482638888888 0.9997106481481484
1 0.9997829861111112 0.6623263888888892 0.9620225694444444 0.6623263888888892 0.9620225694444444 0.7728587962962966 0.9997829861111112 0.7728587962962966
1 0.8832465277777778 0.42303240740740755 0.8363715277777778 0.42303240740740755 0.8363715277777778 0.49768518518518534 0.8832465277777778 0.49768518518518534
0 0.9997829861111112 0.3194444444444446 0.8118489583333334 0.3194444444444446 0.8118489583333334 0.4114583333333335 0.9997829861111112 0.4114583333333335
4 0.9984809027777778 8.151909610643768e-17 0 0 7.853366517969683e-18 0.1710069444444445 0.9984809027777778 0.1710069444444446
1 0.9997829861111112 0.011863425925926074 0.8055555555555556 0.011863425925926057 0.8055555555555556 0.3608217592592594 0.9997829861111112 0.3608217592592594
4 0.07942708333333336 0.31539351851851855 2.8968424719414384e-17 0.31539351851851855 3.2250626969733355e-17 0.38686342592592593 0.07942708333333336 0.38686342592592593
0 1 0.7008101851851855 0.8116319444444444 0.7008101851851855 0.8116319444444444 0.783854166666667 1 0.783854166666667