0 0.9368489583333334 0.41811342592592604 0.8504774305555556 0.41811342592592604 0.8504774305555556 0.4618055555555557 0.9368489583333334 0.4618055555555557
0 0.9978298611111112 0.2546296296296297 0.2725694444444444 0.2546296296296297 0.2725694444444444 0.32986111111111116 0.9978298611111112 0.3298611111111112
1 0.21484375000000006 0.27285879629629634 0.07508680555555558 0.2728587962962963 0.07508680555555558 0.3695023148148148 0.21484375000000006 0.3695023148148148
1 0.1844618055555556 0.40306712962962965 0.07248263888888894 0.40306712962962965 0.07248263888888894 0.5402199074074074 0.1844618055555556 0.5402199074074074
1 0.4585503472222222 0.6226851851851852 0.4079861111111112 0.6226851851851852 0.4079861111111112 0.9603587962962963 0.4585503472222222 0.9603587962962963
1 0.5711805555555556 0.7068865740740741 0.5249565972222222 0.7068865740740741 0.5249565972222222 0.7748842592592593 0.5711805555555556 0.7748842592592593
1 0.5325520833333334 0.796875 0.4943576388888889 0.796875 0.4943576388888889 0.8356481481481481 0.5325520833333334 0.8356481481481481
1 0.5375434027777778 0.8880208333333334 0.4911024305555556 0.8880208333333334 0.4911024305555556 0.9759837962962963 0.5375434027777778 0.9759837962962963
1 0.7107204861111112 0.33275462962962976 0.6608072916666666 0.33275462962962976 0.6608072916666666 0.5844907407407409 0.7107204861111112 0.5844907407407409
3 0.8463541666666666 0.4192708333333335 0.8174913194444444 0.4192708333333335 0.8174913194444444 0.5865162037037038 0.8463541666666666 0.5865162037037038
3 0.7588975694444444 0.6984953703703703 0.7328559027777778 0.6984953703703703 0.7328559027777778 0.7534722222222222 0.7588975694444444 0.7534722222222222
0 0.8515625 0.5894097222222223 0.650390625 0.5894097222222223 0.650390625 0.6556712962962964 0.8515625 0.6556712962962966
3 0.32096354166666674 0.6111111111111112 0.28428819444444453 0.6111111111111112 0.28428819444444453 0.6435185185185185 0.32096354166666674 0.6435185185185185
3 0.3697916666666667 0.38310185185185186 0.3328993055555556 0.38310185185185186 0.3328993055555556 0.43605324074074076 0.3697916666666667 0.43605324074074076
3 0.3923611111111112 0.9699074074074074 8.90845501463092e-17 0.9699074074074074 9.046653004118035e-17 1 0.3923611111111112 1
1 0.6529947916666666 0.8909143518518519 0.5768229166666666 0.8909143518518519 0.5768229166666666 0.9777199074074074 0.6529947916666666 0.9777199074074074
0 0.88671875 0.9496527777777779 0.6549479166666666 0.9496527777777778 0.6549479166666666 0.9852430555555557 0.88671875 0.9852430555555558
3 0.8092447916666666 0.3532986111111112 0.7671440972222222 0.3532986111111112 0.7671440972222222 0.531539351851852 0.8092447916666666 0.531539351851852
1 0.7174479166666666 0.6614583333333334 0.6684027777777778 0.6614583333333334 0.6684027777777778 0.7462384259259259 0.7174479166666666 0.7462384259259259
3 0.8452690972222222 0.3330439814814816 0.81640625 0.3330439814814816 0.81640625 0.38512731481481494 0.8452690972222222 0.38512731481481494
1 1 0.404513888888889 0.9526909722222222 0.404513888888889 0.9526909722222222 0.43026620370370383 1 0.43026620370370383