0 0.5636666666666666 1.1938129786711907e-16 0.5333333333333333 1.16080265322024e-16 0.5333333333333333 0.1789099526066352 0.5636666666666666 0.1789099526066352
5 0.2868333333333334 0.8258293838862559 0.23300000000000007 0.8258293838862559 0.23300000000000007 0.9739336492890995 0.2868333333333334 0.9739336492890995
0 0.41083333333333333 0.3027251184834124 0.27016666666666667 0.3027251184834124 0.27016666666666667 0.40847156398104273 0.41083333333333333 0.4084715639810428
0 0.25716666666666665 0.4375 0.1246666666666667 0.4375 0.1246666666666667 0.5245853080568721 0.25716666666666665 0.5245853080568721
0 0.6463333333333333 0.8444905213270143 0.5141666666666667 0.8444905213270142 0.5141666666666667 0.9206161137440759 0.6463333333333333 0.9206161137440761
0 0.5311666666666667 0.5373222748815167 0.43483333333333335 0.5373222748815167 0.43483333333333335 0.9997037914691943 0.5311666666666667 0.9997037914691943
1 0.875 0.000296208530805873 0.8321666666666667 0.00029620853080586834 0.8321666666666667 0.9665284360189577 0.875 0.9665284360189577
0 0.5425 0.18513033175355462 0.4415 0.18513033175355456 0.4415 0.2615521327014219 0.5425 0.2615521327014219
0 0.11816666666666671 0.673281990521327 0.015500000000000047 0.673281990521327 0.01550000000000005 0.7434834123222749 0.11816666666666671 0.7434834123222749
1 0.12766666666666673 0.7322274881516587 0.10383333333333337 0.7322274881516587 0.10383333333333339 0.9991113744075829 0.12766666666666673 0.9991113744075829
1 0.2525 0.004146919431279675 0.24033333333333334 0.004146919431279673 0.24033333333333334 0.32316350710900477 0.2525 0.32316350710900477