3 0.5148809523809523 0.4824735449735451 0.4947916666666667 0.4824735449735451 0.4947916666666667 0.5972222222222223 0.5148809523809523 0.5972222222222223
3 0.5853174603174603 0.5360449735449737 0.5729166666666666 0.5360449735449737 0.5729166666666666 0.6554232804232806 0.5853174603174603 0.6554232804232806
3 0.5634920634920635 0.6087962962962965 0.5282738095238095 0.6087962962962965 0.5282738095238095 0.640873015873016 0.5634920634920635 0.640873015873016
3 0.5744047619047619 0.5386904761904764 0.5367063492063492 0.5386904761904764 0.5367063492063492 0.5734126984126986 0.5744047619047619 0.5734126984126986
2 0.6478174603174603 0.36739417989418005 0.48487103174603174 0.36739417989418005 0.48487103174603174 0.47156084656084674 0.6478174603174603 0.47156084656084674
2 0.6448412698412699 0.4765211640211642 0.5245535714285714 0.4765211640211642 0.5245535714285714 0.5363756613756615 0.6448412698412699 0.5363756613756615
2 0.6378968253968254 0.5426587301587303 0.5939980158730159 0.5426587301587303 0.5939980158730159 0.6501322751322752 0.6378968253968254 0.6501322751322752
2 0.8174603174603174 0.1656746031746033 0.7229662698412699 0.16567460317460328 0.7229662698412699 0.37632275132275145 0.8174603174603174 0.37632275132275145
2 0.9037698412698413 0.12599206349206366 0.8271329365079365 0.12599206349206366 0.8271329365079365 0.2612433862433864 0.9037698412698413 0.2612433862433864
2 0.18725198412698413 0.08300264550264554 0.12400793650793651 0.08300264550264552 0.12400793650793653 0.15509259259259264 0.18725198412698413 0.15509259259259264
2 0.04637896825396827 0.09788359788359788 8.990462612788108e-18 0.09788359788359788 1.380461235646012e-17 0.2027116402116402 0.04637896825396827 0.2027116402116402