3 0.3522650439486139 0.5139765554553652 0.20486815415821508 0.5139765554553652 0.20486815415821508 0.6095581605049594 0.3522650439486139 0.6095581605049594
3 0.18120351588911435 0.4382326420198377 0.09736308316430024 0.4382326420198377 0.09736308316430024 0.6131650135256989 0.18120351588911435 0.6131650135256989
4 0.4306964164976335 0.32822362488728596 0.31507775524002707 0.32822362488728596 0.31507775524002707 0.4544634806131651 0.4306964164976335 0.4544634806131651
3 0.6125760649087221 0.5067628494138864 0.43272481406355645 0.5067628494138864 0.43272481406355645 0.6239855725879171 0.6125760649087221 0.6239855725879171
3 0.7728194726166329 0.34625788999098295 0.6511156186612576 0.34625788999098295 0.6511156186612576 0.5139765554553654 0.7728194726166329 0.5139765554553654
3 0.8289384719405003 0.33002705139765565 0.7829614604462475 0.33002705139765565 0.7829614604462475 0.4030658250676286 0.8289384719405003 0.4030658250676286
3 0.04868154158215015 0.46348061316501354 4.2560409382132494e-17 0.46348061316501354 4.7404347025818776e-17 0.5689810640216412 0.048681541582150156 0.5689810640216412
4 0.09127789046653148 0.31379621280432823 0.014874915483434782 0.31379621280432823 0.014874915483434788 0.4030658250676285 0.09127789046653148 0.4030658250676285
3 0.12508451656524686 0.6348061316501352 0.09601081812035167 0.6348061316501352 0.09601081812035167 0.6961226330027052 0.12508451656524686 0.6961226330027052
3 0.1866125760649088 0.6275924256086565 0.14469235970250172 0.6275924256086565 0.14469235970250174 0.69702434625789 0.1866125760649088 0.69702434625789
3 0.4151453684922245 0.5446348061316502 0.36375929682217717 0.5446348061316502 0.36375929682217717 0.6104598737601443 0.4151453684922245 0.6104598737601443
6 0.42258282623394194 0.6925157799819658 0.3272481406355646 0.6925157799819658 0.3272481406355646 0.866546438232642 0.422582826233942 0.866546438232642
6 0.6118999323867478 0.6311992786293958 0.4854631507775524 0.6311992786293958 0.4854631507775524 0.8286744815148782 0.6118999323867478 0.8286744815148782