3 0.9986468200270636 0.009025270758122837 0.12922868741542626 0.009025270758122766 0.12922868741542626 0.38898916967509034 0.9986468200270636 0.38898916967509045
3 0.5696887686062246 0.4025270758122744 0.17997293640054127 0.40252707581227437 0.17997293640054132 0.4720216606498195 0.5696887686062246 0.4720216606498195
3 0.6204330175913396 0.4963898916967509 0.20974289580514216 0.4963898916967509 0.20974289580514216 0.5577617328519856 0.6204330175913396 0.5577617328519856
3 0.7192151556156969 0.5866425992779785 0.11637347767253048 0.5866425992779783 0.1163734776725305 0.6353790613718413 0.7192151556156969 0.6353790613718414
3 0.5331529093369418 0.6371841155234657 0.17456021650879575 0.6371841155234657 0.17456021650879575 0.6660649819494585 0.5331529093369418 0.6660649819494585
3 0.7225981055480379 0.6480144404332131 0.5751014884979703 0.648014440433213 0.5751014884979703 0.6714801444043322 0.7225981055480379 0.6714801444043323
3 0.7388362652232747 0.6714801444043322 0.24763193504736136 0.6714801444043321 0.24763193504736136 0.6976534296028882 0.7388362652232747 0.6976534296028883
3 0.5412719891745602 0.6985559566787004 0.36265223274695535 0.6985559566787004 0.36265223274695535 0.7166064981949458 0.5412719891745602 0.7166064981949458
3 0.462787550744249 0.7220216606498195 0.40460081190798375 0.7220216606498195 0.40460081190798375 0.7382671480144405 0.462787550744249 0.7382671480144405
3 0.5981055480378891 0.720216606498195 0.4817320703653586 0.720216606498195 0.4817320703653586 0.7391696750902527 0.5981055480378891 0.7391696750902527
3 0.7469553450608931 0.716606498194946 0.6711772665764547 0.716606498194946 0.6711772665764547 0.7409747292418775 0.7469553450608931 0.7409747292418775
3 0.7828146143437077 0.7509025270758124 0.37347767253044656 0.7509025270758123 0.37347767253044656 0.8050541516245489 0.7828146143437077 0.805054151624549
4 0.9986468200270636 0.7545126353790615 0.79702300405954 0.7545126353790615 0.79702300405954 0.8158844765342962 0.9986468200270636 0.8158844765342962
4 0.12381596752368067 0.17328519855595667 1.5908808216257902e-17 0.17328519855595667 2.448465014533443e-17 0.3601083032490975 0.12381596752368068 0.3601083032490975